817,1023,351,1023,493,1017,12,31,19
12,0,0,123,0,0,186,126,57
667,1014,817,1023,493,1017,0,0,0
289,735,313,612,392,738,187,137,32
324,828,289,735,392,738,130,80,0
118,81,0,123,12,0,246,186,117
289,735,202,794,224,725,183,133,29
202,794,289,735,324,828,249,198,94
1,541,0,631,0,506,251,255,255
9,535,1,541,0,506,255,255,255
351,1023,415,1005,493,1017,227,237,220
511,706,423,801,392,738,0,0,0
313,612,395,600,392,738,66,63,58
395,600,511,706,392,738,211,161,57
395,600,400,486,509,532,106,103,97
299,0,308,123,222,0,211,161,56
299,0,384,119,308,123,223,173,68
384,119,299,0,406,0,255,255,255
310,281,304,216,336,267,0,0,0
222,0,95,3,12,0,191,141,37
95,3,118,81,12,0,255,199,130
118,81,95,3,222,0,255,201,132
308,123,201,118,222,0,255,218,149
201,118,118,81,222,0,255,216,147
0,320,5,387,0,506,7,26,14
294,1023,112,1023,223,1022,0,0,0
112,1023,175,1002,223,1022,255,255,255
202,794,283,908,201,912,9,0,0
283,908,202,794,324,828,62,12,0
1011,1023,1023,1013,1023,1023,0,0,0
1023,1013,1011,1023,964,982,0,0,0
1023,942,1023,1013,964,982,237,235,229
900,1011,1011,1023,817,1023,255,255,255
599,607,518,634,509,532,150,147,142
518,634,599,607,511,706,255,255,255
518,634,395,600,509,532,10,7,1
395,600,518,634,511,706,255,244,139
992,292,1023,223,1001,288,0,0,0
709,620,760,539,783,628,93,102,85
733,695,709,620,783,628,0,0,0
721,426,684,533,647,438,0,0,0
684,533,709,620,599,607,144,141,135
472,398,464,471,459,397,0,0,0
400,486,464,471,509,532,0,0,0
633,0,590,80,496,0,205,198,193
703,108,706,0,793,18,255,255,255
703,108,633,0,706,0,0,0,0
633,0,703,108,590,80,0,0,0
703,108,735,188,590,208,255,255,255
590,80,703,108,590,208,142,92,0
921,21,914,97,793,18,255,255,173
921,21,1023,101,914,97,255,255,255
914,97,793,124,793,18,255,255,201
793,124,703,108,793,18,0,0,0
703,108,793,124,735,188,255,255,255
992,292,903,211,1023,223,245,185,116
903,211,992,292,901,304,0,0,0
903,211,1023,101,1023,223,143,83,14
1023,101,903,211,914,97,255,232,163
4,675,16,695,3,690,255,255,255
41,862,0,906,0,820,108,127,115
195,722,124,797,111,716,255,255,249
124,797,195,722,202,794,0,0,0
56,776,0,820,11,744,0,0,0
94,714,56,776,11,744,201,220,208
137,869,202,794,201,912,38,0,0
48,685,94,714,11,744,163,182,170
16,695,48,685,11,744,0,0,0
48,685,16,695,47,684,255,255,255
16,695,33,667,47,684,255,255,255
4,675,33,667,16,695,255,255,255
415,1005,454,988,493,1017,0,0,0
525,82,406,0,496,0,0,0,0
525,82,384,119,406,0,0,0,0
590,80,525,82,496,0,255,255,218
525,82,590,80,590,208,43,0,0
304,216,363,243,336,267,255,255,255
0,123,106,204,0,223,78,88,71
106,204,121,232,0,223,251,255,244
304,216,266,211,308,123,255,239,170
266,211,201,118,308,123,255,253,184
121,232,0,299,0,223,30,49,37
5,387,31,477,0,506,0,0,0
42,469,31,477,5,387,255,255,255
209,272,244,229,283,297,0,0,0
321,1023,294,1023,283,993,255,255,255
260,1020,294,1023,223,1022,98,118,105
294,1023,260,1020,283,993,0,0,0
77,1005,69,999,96,919,255,255,255
138,905,137,869,201,912,75,25,0
144,991,175,1002,112,1023,0,0,0
144,991,77,1005,96,919,208,227,215
77,1005,144,991,112,1023,255,255,255
138,905,144,991,96,919,255,255,255
144,991,138,905,201,912,255,218,113
708,941,724,915,724,931,0,0,0
667,1014,720,1015,817,1023,0,0,0
720,1015,726,1015,817,1023,0,0,0
726,1015,728,1014,817,1023,0,0,0
475,826,423,801,511,706,0,0,0
588,905,530,896,521,849,101,120,108
512,881,464,911,473,879,255,255,255
512,881,530,896,476,931,0,0,0
464,911,512,881,476,931,255,255,255
1023,942,1016,912,1023,871,0,0,0
1011,1023,924,997,964,982,50,47,42
900,1011,924,997,1011,1023,107,104,99
599,607,636,719,511,706,191,131,62
552,341,502,344,520,313,255,255,255
735,188,716,254,590,208,213,154,85
716,254,629,307,590,208,255,255,255
994,469,1010,466,1023,513,255,255,255
992,292,1023,322,972,387,0,0,0
1023,322,992,292,1001,288,0,0,0
1023,223,1023,322,1001,288,0,0,0
720,325,731,320,727,327,0,0,0
791,364,731,320,748,298,147,144,139
731,320,791,364,727,327,0,0,0
634,393,695,402,647,438,255,255,255
684,533,605,494,647,438,0,0,0
566,410,605,494,509,532,0,0,0
605,494,599,607,509,532,255,255,255
605,494,684,533,599,607,255,255,255
715,533,684,533,721,426,0,0,0
880,626,828,540,929,547,0,0,0
791,630,828,540,880,626,255,255,255
828,540,936,526,929,547,255,255,255
936,526,828,540,832,450,50,70,57
792,500,715,533,721,426,0,0,0
995,591,1023,521,1023,642,0,15,2
987,622,995,591,1023,642,0,0,0
1005,699,1023,676,1023,758,0,0,0
464,471,418,423,459,397,21,18,12
418,423,464,471,400,486,0,0,0
489,382,472,398,459,397,255,255,255
502,344,489,382,459,397,255,255,255
490,303,513,271,520,313,0,0,0
513,271,490,303,411,291,11,3,0
411,291,490,307,459,397,37,34,29
490,307,502,344,459,397,0,0,0
490,303,490,307,411,291,0,0,0
502,344,490,307,520,313,0,0,0
490,307,490,303,520,313,0,0,0
1002,0,921,21,793,18,255,255,165
706,0,1002,0,793,18,239,189,84
1023,101,1002,0,1023,0,255,255,255
921,21,1002,0,1023,101,255,255,255
810,267,903,211,901,304,255,224,155
716,254,810,267,748,298,255,255,192
810,267,716,254,735,188,92,84,80
4,701,16,695,11,744,152,171,159
16,695,4,701,3,690,0,0,0
0,820,4,701,11,744,255,255,255
0,680,4,675,3,690,255,255,255
0,680,4,701,0,820,255,255,255
4,701,0,680,3,690,255,255,255
195,722,200,723,202,794,21,0,0
56,776,74,794,0,820,255,255,255
74,794,41,862,0,820,14,33,21
41,862,74,794,86,825,220,239,227
1,541,30,585,0,631,115,134,122
33,667,114,611,47,684,0,9,0
114,611,48,685,47,684,0,0,0
48,685,114,611,94,714,255,255,255
94,714,114,611,111,716,168,118,14
368,908,283,908,324,828,193,143,39
415,927,454,988,415,1005,255,255,255
401,927,415,927,394,933,0,0,0
454,988,415,927,476,931,255,255,255
464,911,415,927,420,915,255,255,255
415,927,464,911,476,931,255,255,255
976,729,1005,699,1023,758,0,0,0
1005,699,976,729,949,660,255,255,255
525,82,516,211,384,119,255,236,167
516,211,525,82,590,208,255,255,254
516,211,513,271,411,291,255,255,255
118,81,115,190,0,123,255,204,135
115,190,106,204,0,123,83,23,0
106,204,115,190,121,232,0,0,0
266,211,268,215,244,229,85,95,78
268,215,266,211,304,216,255,255,255
268,215,304,216,310,281,0,0,0
244,229,268,215,283,297,59,69,52
268,215,310,281,283,297,255,255,255
14,512,9,535,0,506,255,255,255
31,477,14,512,0,506,255,255,255
256,509,194,486,252,453,151,161,144
194,486,256,509,257,557,0,0,0
229,584,194,486,257,557,0,0,0
284,586,229,584,257,557,255,255,255
51,1005,112,1023,0,1023,106,125,112
51,1005,77,1005,112,1023,255,255,255
77,1005,51,1005,69,999,0,0,0
175,1002,209,995,223,1022,255,255,255
283,908,282,961,201,912,200,150,46
282,961,211,979,201,912,101,110,93
718,1014,720,1015,667,1014,0,0,0
757,991,752,1006,737,1007,0,0,0
728,1014,752,1006,817,1023,183,203,190
752,1006,728,1014,737,1007,255,255,255
752,1006,800,983,817,1023,0,0,0
800,983,752,1006,757,991,0,0,0
724,915,771,936,724,931,18,28,11
805,896,771,936,724,915,255,255,255
807,936,771,936,805,896,0,0,0
900,1011,863,1008,896,977,255,255,255
863,1008,900,1011,817,1023,255,255,255
401,832,324,828,392,738,94,44,0
423,801,401,832,392,738,70,20,0
401,832,368,908,324,828,204,154,49
475,826,436,851,423,801,0,0,0
436,851,401,832,423,801,34,0,0
401,832,436,851,424,860,172,122,17
530,896,515,868,521,849,67,76,59
512,881,515,868,530,896,0,0,0
1010,928,1016,912,1023,942,0,0,0
1010,928,1023,942,964,982,0,0,0
992,918,1010,928,964,982,0,0,0
988,878,965,864,965,863,0,0,0
988,878,1007,905,992,918,255,255,255
1007,905,1010,928,992,918,0,0,0
1010,928,1007,905,1016,912,0,0,0
1016,912,1007,905,1023,871,0,0,0
1007,905,988,878,1023,871,255,255,255
912,997,924,997,900,1011,255,255,255
972,838,988,878,965,863,0,0,0
988,878,972,838,1023,871,0,0,0
887,790,915,825,836,822,255,255,255
954,907,988,878,992,918,255,255,255
686,703,636,719,599,607,0,0,0
629,307,612,307,590,208,162,103,34
716,254,698,308,629,307,0,0,0
913,624,880,626,929,547,0,0,0
942,612,913,624,929,547,227,237,220
913,624,942,612,949,660,255,255,255
1010,466,1023,444,1023,513,0,0,0
1023,444,1010,466,1002,458,0,0,0
968,427,925,430,972,387,0,0,0
817,356,866,387,818,400,255,255,255
838,317,810,267,901,304,0,0,0
863,425,866,387,925,430,0,0,0
936,526,863,425,925,430,0,0,0
863,425,936,526,832,450,0,0,0
866,387,863,425,818,400,0,0,0
992,292,913,319,901,304,0,0,0
925,430,920,365,972,387,0,0,0
866,387,920,365,925,430,0,0,0
920,365,992,292,972,387,0,0,0
920,365,913,319,992,292,255,255,255
1010,466,997,466,1002,458,0,0,0
994,469,997,466,1010,466,255,255,255
1019,381,1023,322,1023,403,255,255,255
1023,322,1019,381,972,387,0,0,0
791,364,735,384,727,327,0,0,0
735,384,720,325,727,327,0,0,0
936,526,970,553,929,547,255,255,255
970,553,942,612,929,547,0,0,0
942,612,970,553,995,591,0,0,0
970,553,1023,521,995,591,0,0,0
1023,521,970,553,1023,513,88,107,95
970,553,994,469,1023,513,0,5,0
970,553,936,526,994,469,0,0,0
814,460,792,500,721,426,0,0,0
828,540,814,460,832,450,0,0,0
792,500,814,460,828,540,108,127,114
721,536,792,500,760,539,255,255,255
792,500,721,536,715,533,255,255,255
709,620,721,536,760,539,0,0,0
684,533,721,536,709,620,249,255,241
715,533,721,536,684,533,255,255,255
792,500,784,541,760,539,255,255,255
784,541,792,500,828,540,255,255,255
760,539,784,541,783,628,0,0,0
784,541,791,630,783,628,255,255,255
784,541,828,540,791,630,33,43,26
942,612,967,636,949,660,0,0,0
967,636,1005,699,949,660,0,0,0
967,636,1023,676,1005,699,255,255,255
1023,676,967,636,1023,642,61,81,68
976,621,942,612,995,591,86,105,93
987,622,976,621,995,591,0,0,0
976,621,967,636,942,612,0,0,0
342,422,418,423,400,486,255,255,255
320,426,342,422,400,486,255,255,255
342,422,320,426,337,404,255,255,255
418,423,419,420,459,397,255,255,255
419,420,342,422,337,404,255,255,255
342,422,419,420,418,423,255,255,255
310,281,280,314,283,297,0,0,0
281,324,280,314,310,281,0,0,0
320,426,305,395,337,404,255,255,255
305,395,308,365,337,404,0,0,0
810,267,835,208,903,211,0,0,0
835,208,793,124,914,97,114,54,0
903,211,835,208,914,97,255,255,221
793,124,835,208,735,188,0,0,0
835,208,810,267,735,188,255,255,255
0,680,0,647,4,675,255,255,255
33,667,0,647,0,631,101,120,107
0,647,33,667,4,675,255,255,255
209,723,200,723,209,722,0,0,0
200,723,209,723,202,794,0,0,0
209,723,209,722,224,725,0,0,0
202,794,209,723,224,725,168,118,13
41,862,31,893,0,906,255,255,255
82,796,124,797,86,825,255,255,255
74,794,82,796,86,825,0,0,0
30,585,49,598,0,631,255,255,255
49,598,33,667,0,631,0,0,0
49,598,114,611,33,667,94,104,87
42,574,49,598,30,585,255,255,255
49,598,81,585,114,611,255,255,255
121,605,114,611,90,582,255,255,255
374,1007,415,1005,351,1023,0,0,0
392,994,415,927,415,1005,255,255,255
415,927,392,994,394,933,0,0,0
374,1007,392,994,415,1005,255,255,255
345,1007,321,1023,283,993,255,255,255
282,961,345,1007,283,993,0,0,0
771,936,802,961,800,968,29,48,36
802,961,771,936,807,936,0,0,0
800,835,798,812,836,822,0,0,0
798,812,758,780,779,774,0,0,0
798,812,800,835,739,822,255,255,255
758,780,798,812,739,822,80,89,72
926,730,895,654,949,660,255,255,255
516,211,383,217,384,119,255,255,245
383,217,516,211,411,291,181,121,52
384,119,383,217,308,123,255,251,182
201,118,186,174,118,81,255,255,199
186,174,115,190,118,81,255,255,255
186,174,266,211,244,229,0,0,0
266,211,186,174,201,118,38,0,0
0,320,11,333,5,387,124,144,131
11,333,18,347,5,387,0,0,0
18,347,20,366,5,387,255,255,255
20,366,18,347,50,361,72,82,65
186,391,238,427,194,486,0,0,0
117,533,98,407,194,486,0,7,0
98,407,186,391,194,486,214,223,206
186,391,98,407,190,368,53,63,46
281,515,320,426,400,486,56,66,49
320,426,281,515,252,453,146,156,139
229,584,135,560,194,486,255,255,255
135,560,117,533,194,486,0,2,0
213,699,289,735,224,725,0,0,0
194,486,240,432,252,453,0,0,0
238,427,240,432,194,486,255,255,255
231,315,274,324,224,343,133,142,125
183,310,224,343,190,368,0,0,0
115,319,0,299,121,232,41,60,48
144,284,115,319,121,232,47,56,39
50,361,115,319,81,369,108,128,115
183,310,115,319,144,284,134,144,126
115,319,183,310,190,368,255,255,255
115,319,98,407,81,369,52,71,59
98,407,115,319,190,368,136,155,143
31,999,51,1005,0,1023,246,255,253
0,1009,31,999,0,1023,255,255,255
31,999,0,1009,32,996,0,9,0
69,999,62,993,96,919,0,0,0
51,1005,62,993,69,999,0,0,0
43,990,62,993,51,1005,255,255,255
195,987,209,995,175,1002,0,0,0
209,995,195,987,211,979,153,173,160
144,991,195,987,175,1002,0,0,0
211,979,195,987,201,912,0,0,0
195,987,144,991,201,912,0,0,0
260,1020,226,988,283,993,255,255,255
226,988,260,1020,223,1022,0,0,0
209,995,226,988,223,1022,255,255,255
226,988,282,961,283,993,0,0,0
368,908,354,947,283,908,158,167,150
354,947,282,961,283,908,169,178,161
354,947,345,1007,282,961,0,0,0
392,994,354,947,394,933,255,255,255
354,947,392,994,366,999,0,0,0
602,944,613,921,648,952,0,0,0
588,905,569,937,530,896,255,255,255
668,948,669,986,648,952,255,255,255
673,1011,718,1014,667,1014,0,0,0
720,1015,724,1005,726,1015,0,0,0
718,1014,724,1005,720,1015,0,0,0
816,970,807,936,842,929,0,0,0
816,970,802,961,807,936,255,255,255
754,981,771,936,800,968,0,0,0
800,983,754,981,800,968,255,255,255
754,981,800,983,757,991,0,0,0
754,981,757,991,737,1007,0,0,0
844,979,854,987,817,1023,0,0,0
854,987,863,1008,817,1023,255,255,255
884,909,833,885,895,892,194,204,187
495,871,512,881,473,879,255,255,255
492,827,475,826,511,706,255,255,255
509,835,492,827,511,706,255,255,255
636,719,624,829,511,706,43,0,0
624,829,509,835,511,706,128,78,0
509,835,624,829,521,849,255,255,255
624,829,588,905,521,849,0,0,0
624,829,664,872,613,917,202,212,195
588,905,624,829,613,917,255,255,255
464,911,435,868,473,879,255,255,255
903,983,900,1011,896,977,255,255,255
903,983,912,997,900,1011,0,0,0
903,975,903,983,896,977,255,255,255
912,997,903,983,924,997,0,0,0
903,983,903,975,924,997,35,33,27
828,776,798,812,779,774,255,255,255
1002,806,1023,758,1023,871,0,0,0
972,838,1002,806,1023,871,0,0,0
915,825,837,857,836,822,255,255,255
837,857,915,825,895,892,255,255,255
909,766,915,825,887,790,255,255,255
709,620,698,692,599,607,217,214,208
698,692,686,703,599,607,136,133,128
698,692,709,620,733,695,0,0,0
767,708,740,736,733,695,0,0,0
705,849,678,888,664,872,246,255,238
724,915,705,849,739,822,0,0,0
678,888,705,849,724,915,255,255,250
575,390,593,413,566,410,255,255,255
605,494,623,442,647,438,0,0,0
603,441,605,494,566,410,152,149,144
603,441,623,442,605,494,255,255,255
626,311,629,307,644,326,255,255,255
591,389,575,390,576,383,255,255,255
644,359,695,402,634,393,0,0,0
611,350,644,359,613,361,255,255,255
513,271,529,278,520,313,255,255,255
612,307,529,278,590,208,255,255,206
529,278,552,341,520,313,0,0,0
529,278,604,316,552,341,255,255,255
529,278,516,211,590,208,162,103,33
516,211,529,278,513,271,0,0,0
720,295,716,254,748,298,255,255,255
720,295,698,308,716,254,0,0,0
731,320,720,295,748,298,255,255,255
720,295,731,320,720,325,0,0,0
707,319,720,295,720,325,255,255,255
913,624,900,629,880,626,0,0,0
895,654,899,641,949,660,0,0,0
899,641,913,624,949,660,0,0,0
899,641,900,629,913,624,255,255,255
899,641,895,654,880,626,255,255,255
900,629,899,641,880,626,0,0,0
1023,444,1015,412,1023,403,0,0,0
997,405,978,421,972,387,0,0,0
978,421,968,427,972,387,0,0,0
968,427,991,462,925,430,0,0,0
991,462,936,526,925,430,0,0,0
936,526,991,462,994,469,255,255,255
991,462,997,466,994,469,0,0,0
997,466,991,462,1002,458,0,0,0
978,421,991,462,968,427,0,0,0
799,385,817,356,818,400,255,255,255
817,356,799,385,791,364,255,255,255
799,385,735,384,791,364,255,255,255
809,341,817,356,791,364,255,255,255
838,317,815,297,810,267,255,255,255
810,267,815,297,748,298,105,45,0
809,341,817,346,817,356,73,70,65
817,356,892,350,866,387,201,198,192
892,350,838,317,901,304,255,255,255
913,319,892,350,901,304,255,255,255
817,346,892,350,817,356,255,255,255
892,350,817,346,838,317,255,255,255
1009,401,1019,381,1023,403,117,136,123
1015,412,1009,401,1023,403,0,0,0
735,384,730,395,695,402,0,0,0
730,395,799,385,721,426,255,255,255
799,385,730,395,735,384,0,0,0
977,628,976,621,987,622,0,0,0
976,621,977,628,967,636,255,255,255
977,628,987,622,1023,642,0,0,0
967,636,977,628,1023,642,95,114,102
352,354,419,420,337,404,52,49,43
308,365,352,354,337,404,255,255,255
352,354,411,291,459,397,224,221,215
419,420,352,354,459,397,255,255,255
411,291,352,354,336,267,19,16,11
352,354,310,281,336,267,255,255,255
299,359,352,354,308,365,155,152,146
352,354,281,324,310,281,216,213,208
352,354,299,359,281,324,255,255,255
250,434,320,426,252,453,0,0,0
250,434,305,395,320,426,149,146,141
240,432,250,434,252,453,0,0,0
250,434,240,432,238,427,0,0,0
278,382,299,359,308,365,255,255,255
305,395,278,382,308,365,255,255,255
250,434,278,382,305,395,0,0,0
278,382,274,324,299,359,0,0,0
493,378,489,382,502,344,0,0,0
552,341,553,361,502,344,255,255,255
553,361,522,397,502,344,0,0,0
43,872,31,893,41,862,255,255,255
25,923,62,993,43,990,0,0,0
25,923,43,990,32,996,255,255,255
25,923,0,1009,0,906,0,10,0
0,1009,25,923,32,996,2,21,8
104,877,82,882,86,825,0,0,0
138,905,104,877,137,869,255,255,255
104,877,138,905,96,919,208,228,215
82,882,104,877,96,919,255,255,255
124,797,87,781,111,716,255,255,255
82,796,87,781,124,797,255,255,255
87,781,94,714,111,716,255,255,255
56,591,42,574,57,589,255,255,255
42,574,56,591,49,598,140,150,133
114,611,86,584,90,582,0,0,0
81,585,86,584,114,611,0,0,0
374,1006,374,1007,366,999,255,255,255
392,994,374,1006,366,999,255,255,255
374,1006,392,994,374,1007,0,0,0
321,1023,347,1019,351,1023,0,0,0
345,1007,347,1019,321,1023,255,255,255
402,900,422,897,420,915,0,0,0
422,897,464,911,420,915,0,0,0
422,897,435,868,464,911,185,204,192
435,868,422,897,431,870,0,0,0
401,909,402,900,420,915,0,0,0
415,927,401,909,420,915,255,255,255
401,909,415,927,401,927,255,255,255
421,869,401,832,424,860,0,0,0
401,832,397,897,368,908,255,255,255
421,869,397,897,401,832,255,208,103
976,729,939,729,949,660,56,66,49
939,729,926,730,949,660,0,0,0
366,227,304,216,308,123,255,242,173
383,217,366,227,308,123,255,240,171
374,229,366,227,383,217,0,0,0
366,227,363,243,304,216,0,0,0
366,227,374,229,363,243,0,0,0
115,190,183,190,121,232,255,255,255
186,174,183,190,115,190,0,0,0
209,272,183,190,244,229,255,255,255
183,190,186,174,244,229,65,63,57
0,299,16,327,0,320,193,212,200
16,327,11,333,0,320,255,255,255
115,319,16,327,0,299,0,0,0
16,327,115,319,50,361,0,0,0
18,347,16,327,50,361,0,0,0
11,333,16,327,18,347,255,255,255
43,374,20,366,50,361,255,255,255
20,366,43,374,5,387,255,255,255
204,383,186,391,190,368,128,147,135
186,391,204,383,238,427,66,85,73
224,343,204,383,190,368,0,0,0
50,461,98,407,117,533,0,0,0
98,407,50,461,52,403,0,0,0
50,461,42,469,5,387,255,255,255
395,600,307,578,400,486,255,255,255
307,578,281,515,400,486,255,255,255
307,578,395,600,313,612,0,0,0
284,586,307,578,313,612,255,255,255
307,578,284,586,257,557,255,255,255
281,515,307,578,257,557,164,183,171
256,509,268,513,257,557,255,255,255
268,513,281,515,257,557,0,0,0
268,513,256,509,252,453,94,113,101
281,515,268,513,252,453,171,190,178
135,560,112,565,117,533,255,255,255
112,565,121,605,90,582,255,255,255
121,605,112,565,144,599,0,0,0
112,565,135,560,144,599,0,0,0
114,611,148,605,111,716,0,0,0
148,605,121,605,144,599,255,255,255
121,605,148,605,114,611,255,255,255
197,718,195,722,111,716,255,255,255
197,718,200,723,195,722,255,255,255
279,622,229,584,284,586,255,255,255
279,622,284,586,313,612,255,255,255
289,735,279,622,313,612,221,171,66
213,699,279,622,289,735,255,244,139
299,359,279,325,281,324,255,255,255
274,324,279,325,299,359,0,0,0
268,309,209,272,283,297,117,114,108
268,309,231,315,209,272,0,0,0
231,315,198,306,209,272,0,0,0
198,306,231,315,224,343,0,0,0
183,310,198,306,224,343,0,1,0
173,277,183,310,144,284,0,0,0
173,277,144,284,121,232,37,34,28
198,306,173,277,209,272,112,109,104
173,277,198,306,183,310,0,0,0
183,190,173,277,121,232,0,0,0
173,277,183,190,209,272,255,255,255
36,998,31,999,32,996,255,255,255
31,999,36,998,51,1005,0,0,0
43,990,36,998,32,996,255,255,255
36,998,43,990,51,1005,50,60,43
219,984,209,995,211,979,255,255,255
219,984,226,988,209,995,0,0,0
282,961,219,984,211,979,0,0,0
226,988,219,984,282,961,255,255,255
354,947,369,916,394,933,0,0,0
369,916,354,947,368,908,0,0,0
661,1012,667,1014,493,1017,0,0,0
588,999,661,1012,493,1017,0,0,0
669,986,607,967,648,952,32,51,39
607,967,602,944,648,952,62,81,69
594,935,569,937,588,905,0,0,0
594,935,613,921,602,944,0,0,0
594,935,588,905,613,917,0,0,0
613,921,594,935,613,917,0,0,0
585,963,607,967,596,980,0,0,0
530,896,533,955,476,931,0,0,0
454,988,533,955,493,1017,0,0,0
533,955,454,988,476,931,0,0,0
707,948,708,941,724,931,0,0,0
696,944,693,951,675,944,255,255,255
678,888,696,944,675,944,0,0,0
707,948,696,944,708,941,255,255,255
696,944,707,948,693,951,0,0,0
708,941,696,944,724,915,255,255,255
696,944,678,888,724,915,0,0,0
646,920,613,921,613,917,255,255,255
664,872,646,920,613,917,230,240,223
678,888,646,920,664,872,255,255,255
685,988,693,982,685,989,0,0,0
693,982,685,988,689,981,0,0,0
729,1011,728,1014,726,1015,0,0,0
724,1005,729,1011,726,1015,0,0,0
728,1014,729,1011,737,1007,0,0,0
699,977,696,980,699,976,0,0,0
696,980,693,982,689,981,0,0,0
693,982,716,1006,685,989,0,0,0
696,980,716,1006,693,982,0,0,0
716,1006,676,1002,685,989,0,0,0
724,1005,716,1006,699,977,255,255,255
716,1006,696,980,699,977,0,0,0
812,984,816,970,844,979,0,0,0
812,984,844,979,817,1023,0,0,0
800,983,812,984,817,1023,0,0,0
771,936,744,974,724,931,255,255,255
754,981,744,974,771,936,0,0,0
744,974,707,948,724,931,255,255,255
707,948,744,974,699,976,0,0,0
744,974,699,977,699,976,0,0,0
744,974,724,1005,699,977,0,0,0
744,974,754,981,737,1007,0,0,0
851,972,856,933,865,938,158,168,151
856,933,851,972,842,929,0,0,0
851,972,816,970,842,929,0,0,0
816,970,851,972,844,979,0,0,0
877,933,884,909,897,937,0,0,0
877,933,869,917,884,909,0,0,0
939,959,899,963,897,937,255,255,255
899,963,939,959,903,975,153,150,144
924,997,939,959,964,982,255,255,255
903,975,939,959,924,997,0,0,0
480,861,436,851,475,826,0,0,0
487,837,480,861,475,826,255,255,255
480,861,487,837,496,860,255,255,255
487,837,500,839,496,860,0,0,0
496,860,500,839,521,849,255,255,255
500,839,509,835,521,849,0,0,0
500,839,492,827,509,835,0,0,0
507,866,496,860,521,849,255,255,255
515,868,507,866,521,849,0,0,0
507,866,515,868,512,881,255,255,255
495,871,507,866,512,881,0,0,0
652,831,624,829,652,830,0,0,0
951,833,953,861,934,831,0,0,0
837,797,887,790,836,822,0,0,0
798,812,837,797,836,822,0,0,0
828,776,837,797,798,812,0,0,0
812,734,828,776,779,774,0,0,0
959,738,939,729,976,729,255,255,255
959,738,976,729,1023,758,0,0,0
1002,806,959,738,1023,758,0,10,0
815,908,807,936,805,896,0,0,0
833,885,837,859,895,892,73,70,64
837,859,837,857,895,892,255,255,255
832,846,800,835,836,822,110,129,116
837,857,832,846,836,822,255,255,255
903,759,909,766,887,790,255,255,255
884,909,898,894,897,937,255,255,255
898,894,930,897,897,937,255,255,255
898,894,884,909,895,892,255,255,255
694,716,698,692,733,695,0,0,0
740,736,694,716,733,695,255,255,255
698,692,694,716,686,703,58,55,50
774,771,740,736,767,708,0,0,0
774,771,812,734,779,774,255,255,255
812,734,774,771,767,708,255,255,255
758,780,774,771,779,774,0,0,0
740,736,774,771,758,780,69,79,62
682,814,655,826,636,719,229,226,220
655,826,624,829,636,719,182,132,28
624,829,655,826,652,830,255,255,255
655,826,652,831,652,830,255,255,255
553,361,564,394,522,397,255,255,255
575,390,564,394,576,383,255,255,255
564,394,553,361,576,383,176,173,168
593,413,603,440,566,410,28,21,16
603,440,603,441,566,410,0,0,0
603,441,603,440,623,442,255,255,255
612,307,620,309,618,315,0,0,0
620,309,626,311,618,315,255,255,255
620,309,612,307,629,307,0,0,0
626,311,620,309,629,307,255,255,255
588,374,591,389,576,383,255,255,255
575,390,591,390,593,413,0,0,0
591,389,591,390,575,390,255,255,255
620,384,644,359,634,393,0,0,0
644,359,620,384,613,361,255,255,255
620,384,591,390,591,389,255,255,255
604,316,569,347,552,341,255,255,255
611,350,569,347,604,316,82,74,70
569,347,553,361,552,341,255,255,255
553,361,569,347,576,383,0,0,0
569,347,588,374,576,383,255,255,255
618,315,616,330,604,316,0,0,0
616,330,611,350,604,316,0,0,0
616,330,626,311,644,326,144,137,132
626,311,616,330,618,315,255,255,255
644,359,616,330,644,326,255,255,255
616,330,644,359,611,350,178,170,166
529,278,607,312,604,316,111,104,99
607,312,529,278,612,307,0,0,0
607,312,618,315,604,316,255,255,255
607,312,612,307,618,315,0,0,0
735,384,691,328,720,325,0,0,0
691,328,735,384,695,402,0,0,0
644,359,691,328,695,402,0,0,0
691,328,644,359,644,326,0,0,0
720,295,701,308,698,308,255,255,255
701,308,720,295,707,319,255,255,255
1015,412,1009,432,1003,415,0,0,0
1009,432,1015,412,1023,444,255,255,255
1009,432,1023,444,1002,458,255,255,255
1009,432,978,421,1003,415,255,255,255
991,462,1009,432,1002,458,0,0,0
1009,432,991,462,978,421,0,7,0
817,432,814,460,721,426,0,0,0
799,385,817,432,721,426,255,255,255
817,432,799,385,818,400,255,255,255
814,460,817,432,832,450,0,0,0
863,425,817,432,818,400,0,0,0
817,432,863,425,832,450,14,23,6
808,339,791,364,748,298,53,50,45
808,339,809,341,791,364,0,0,0
816,340,817,346,809,341,255,255,255
816,340,808,339,814,332,255,255,255
808,339,816,340,809,341,0,0,0
838,317,816,340,814,332,0,0,0
817,346,816,340,838,317,86,83,77
892,360,920,365,866,387,0,0,0
892,350,892,360,866,387,255,255,255
920,365,899,355,913,319,255,255,255
899,355,892,350,913,319,255,255,255
892,360,899,355,920,365,255,255,255
899,355,892,360,892,350,255,255,255
1009,401,1003,399,1019,381,0,0,0
1003,399,997,405,972,387,0,0,0
1019,381,1003,399,972,387,255,255,255
978,421,1000,408,1003,415,0,0,0
1000,408,978,421,997,405,0,0,0
1003,399,1000,408,997,405,255,255,255
711,413,730,395,721,426,239,236,231
730,395,711,413,695,402,0,0,0
711,413,721,426,647,438,255,255,255
695,402,711,413,647,438,87,80,75
274,324,259,386,224,343,84,94,77
278,382,259,386,274,324,255,255,255
259,386,204,383,224,343,0,0,0
204,383,259,386,238,427,255,255,255
259,386,250,434,238,427,74,84,67
259,386,278,382,250,434,255,255,255
489,382,494,395,472,398,255,255,255
494,395,502,399,472,398,255,255,255
511,405,464,471,472,398,0,0,0
502,399,511,405,472,398,0,0,0
511,405,522,397,566,410,0,0,0
464,471,511,405,509,532,0,0,0
511,405,566,410,509,532,255,255,255
522,397,502,390,502,344,255,255,255
502,390,493,378,502,344,0,0,0
511,405,502,390,522,397,0,0,0
502,390,511,405,502,399,255,255,255
31,893,55,880,55,894,0,0,0
43,872,55,880,31,893,0,0,0
55,880,43,872,41,862,255,255,255
36,912,31,893,55,894,255,255,255
36,912,55,894,96,919,0,0,0
62,993,36,912,96,919,71,90,77
25,923,36,912,62,993,0,0,0
31,893,18,907,0,906,255,255,255
18,907,25,923,0,906,138,157,145
36,912,18,907,31,893,0,0,0
18,907,36,912,25,923,168,187,174
129,848,104,877,86,825,255,255,255
104,877,129,848,137,869,0,0,0
124,797,129,848,86,825,112,62,0
129,848,124,797,202,794,255,255,255
137,869,129,848,202,794,255,215,111
78,777,56,776,94,714,27,37,20
87,781,78,777,94,714,0,0,0
81,787,82,796,74,794,255,255,255
81,787,87,781,82,796,0,0,0
40,495,14,512,31,477,255,255,255
60,589,56,591,57,589,255,255,255
60,589,81,585,49,598,0,0,0
56,591,60,589,49,598,255,255,255
347,1019,355,1002,351,1023,255,255,255
355,1002,374,1007,351,1023,53,50,45
355,1002,347,1019,345,1007,255,255,255
354,947,355,1002,345,1007,255,255,255
415,886,422,897,402,900,0,0,0
397,897,415,886,402,900,0,0,0
415,886,397,897,421,869,255,255,255
422,897,415,886,431,870,0,0,0
415,886,421,869,431,870,0,0,0
427,866,421,869,424,860,0,0,0
421,869,427,866,431,870,255,255,255
386,912,401,927,394,933,223,242,230
386,912,401,909,401,927,0,0,0
401,909,399,907,402,900,255,255,255
386,912,399,907,401,909,181,178,172
378,244,411,291,336,267,0,0,0
363,243,378,244,336,267,0,0,0
57,391,50,361,81,369,255,255,255
98,407,57,391,81,369,228,238,221
57,391,98,407,52,403,0,0,0
43,374,45,398,5,387,255,255,255
45,398,50,461,5,387,255,255,255
50,461,45,398,52,403,0,0,0
45,398,57,391,52,403,0,0,0
60,589,71,574,81,585,0,0,0
55,545,71,574,42,574,255,255,255
42,574,71,574,57,589,0,0,0
71,574,60,589,57,589,255,255,255
211,701,148,605,213,699,255,249,145
148,605,211,701,111,716,255,210,105
211,701,197,718,111,716,255,255,255
211,701,213,699,224,725,252,202,97
200,723,208,715,209,722,0,0,0
197,718,208,715,200,723,255,255,255
211,701,208,715,197,718,255,255,255
209,722,208,715,224,725,0,0,0
208,715,211,701,224,725,0,0,0
279,622,207,605,229,584,0,0,0
207,605,279,622,213,699,255,255,209
148,605,207,605,213,699,81,91,74
207,605,148,605,144,599,0,0,0
135,560,207,605,144,599,225,234,217
207,605,135,560,229,584,255,255,255
279,325,277,324,281,324,0,0,0
277,324,279,325,274,324,0,0,0
277,324,280,314,281,324,255,255,255
272,316,277,324,274,324,115,112,107
272,316,274,324,231,315,0,0,0
268,309,272,316,231,315,38,48,31
662,1012,662,1006,667,1014,255,255,255
661,1012,662,1012,667,1014,0,0,0
662,1012,661,1012,662,1006,255,255,255
661,1012,593,993,662,1006,255,255,255
593,993,607,967,662,1006,0,0,0
607,967,593,993,596,980,255,255,255
593,993,661,1012,588,999,140,159,146
607,967,588,958,602,944,11,21,4
585,963,588,958,607,967,0,0,0
588,958,594,935,602,944,0,0,0
594,935,588,958,569,937,166,176,159
588,958,585,963,569,937,0,0,0
569,937,544,955,530,896,255,255,255
544,955,533,955,530,896,0,0,0
585,963,544,955,569,937,255,255,255
693,951,684,971,675,944,255,255,255
691,969,684,971,693,951,255,255,255
684,971,668,948,675,944,255,255,255
668,948,684,971,669,986,0,0,0
707,948,696,971,693,951,0,0,0
696,971,691,969,693,951,255,255,255
696,971,707,948,699,976,255,255,255
696,980,696,971,699,976,0,0,0
691,969,696,971,689,981,255,255,255
696,971,696,980,689,981,0,0,0
653,933,678,888,675,944,255,255,255
653,933,646,920,678,888,0,0,0
668,948,653,933,675,944,0,0,0
653,933,668,948,648,952,0,0,0
613,921,653,933,648,952,242,252,235
646,920,653,933,613,921,178,175,169
676,1002,676,998,685,989,0,0,0
729,1011,729,1009,737,1007,0,0,0
729,1009,729,1011,724,1005,0,0,0
716,1007,724,1005,718,1014,255,255,255
716,1007,716,1006,724,1005,255,255,255
673,1011,716,1007,718,1014,0,0,0
676,1002,716,1007,673,1011,0,0,0
716,1006,716,1007,676,1002,255,255,255
802,961,808,975,800,968,255,255,255
816,970,808,975,802,961,255,255,255
863,1008,865,975,896,977,15,34,22
854,987,865,975,863,1008,0,0,0
865,975,851,972,865,938,255,255,255
850,981,854,987,844,979,0,0,0
851,972,850,981,844,979,255,255,255
856,933,857,929,865,938,255,255,255
857,929,856,933,842,929,0,0,0
857,929,865,923,865,938,0,0,0
963,920,954,907,992,918,0,0,0
963,920,992,918,964,982,118,115,109
939,959,963,920,964,982,0,0,0
480,861,479,863,436,851,0,0,0
479,863,495,871,473,879,66,85,73
490,834,500,839,487,837,255,255,255
500,839,490,834,492,827,255,255,255
490,834,487,837,475,826,255,255,255
492,827,490,834,475,826,0,0,0
507,866,496,869,496,860,0,0,0
496,869,507,866,495,871,0,0,0
496,869,480,861,496,860,255,255,255
665,830,705,849,664,872,0,0,0
433,862,437,862,435,868,255,255,255
479,863,437,862,436,851,0,0,0
435,868,437,862,473,879,255,255,255
437,862,479,863,473,879,255,255,255
957,870,965,864,988,878,0,0,0
954,907,957,870,988,878,255,255,255
945,891,957,870,954,907,0,0,0
957,870,945,891,942,875,178,175,170
957,859,951,833,972,838,0,0,0
951,833,957,859,953,861,255,255,255
957,859,972,838,965,863,0,0,0
965,864,957,859,965,863,255,255,255
957,870,957,859,965,864,0,0,0
957,859,957,870,953,861,255,255,255
959,810,1002,806,972,838,0,0,0
959,810,959,738,1002,806,80,90,73
959,810,909,766,921,760,83,80,75
909,766,959,810,915,825,187,184,178
837,797,861,773,887,790,255,255,255
861,773,837,797,828,776,0,0,0
861,773,903,759,887,790,255,255,255
803,657,812,734,767,708,255,255,255
791,630,803,657,783,628,255,255,255
803,657,733,695,783,628,0,0,0
803,657,767,708,733,695,0,0,0
803,657,791,630,880,626,255,255,255
895,654,803,657,880,626,0,0,0
959,738,943,740,939,729,255,255,255
939,729,943,740,926,730,255,255,255
943,740,959,810,921,760,0,0,0
959,810,943,740,959,738,0,0,0
915,749,943,740,921,760,255,255,255
943,740,915,749,926,730,0,0,0
912,887,898,894,895,892,255,255,255
915,825,912,887,895,892,22,20,14
912,887,915,825,934,831,79,76,70
691,734,682,814,636,719,255,255,255
691,734,694,716,740,736,255,255,255
705,849,722,817,739,822,0,0,0
722,817,758,780,739,822,0,0,0
564,397,575,390,566,410,255,255,255
564,397,564,394,575,390,255,255,255
522,397,564,397,566,410,255,255,255
564,394,564,397,522,397,255,255,255
607,362,611,350,613,361,0,0,0
607,362,569,347,611,350,255,255,255
569,347,607,362,588,374,91,84,79
588,374,609,374,591,389,0,0,0
609,374,620,384,591,389,0,0,0
607,362,609,374,588,374,0,0,0
620,384,609,374,613,361,0,0,0
609,374,607,362,613,361,0,0,0
623,392,620,384,634,393,255,255,255
620,384,623,392,591,390,0,0,0
702,321,707,319,720,325,0,0,0
691,328,702,321,720,325,255,255,255
692,314,691,328,644,326,255,255,255
629,307,692,314,644,326,246,238,234
698,308,692,314,629,307,74,71,65
808,339,810,309,814,332,255,255,255
810,309,838,317,814,332,0,0,0
810,309,815,297,838,317,255,255,255
815,297,810,309,748,298,0,0,0
810,309,808,339,748,298,133,125,121
1008,401,1003,399,1009,401,0,0,0
1008,401,1000,408,1003,399,255,255,255
1008,401,1009,401,1015,412,0,0,0
1008,401,1015,412,1003,415,0,0,0
1000,408,1008,401,1003,415,0,0,0
493,378,499,390,489,382,0,0,0
502,390,499,390,493,378,255,255,255
499,390,494,395,489,382,78,75,69
494,395,499,390,502,399,90,87,81
499,390,502,390,502,399,255,255,255
55,880,72,883,55,894,0,0,0
55,894,72,883,96,919,0,0,0
72,883,82,882,96,919,255,255,255
72,883,55,880,41,862,246,255,253
72,883,41,862,86,825,232,251,239
82,882,72,883,86,825,0,0,0
75,785,81,787,74,794,156,175,163
75,785,74,794,56,776,255,255,255
78,777,75,785,56,776,114,133,121
81,783,78,777,87,781,255,255,255
81,787,81,783,87,781,0,0,0
81,783,75,785,78,777,255,255,255
75,785,81,783,81,787,255,255,255
25,543,1,541,9,535,0,0,0
25,543,55,545,42,574,255,255,255
25,543,39,536,55,545,255,255,255
25,543,30,585,1,541,129,148,136
25,543,42,574,30,585,255,255,255
86,566,71,550,117,533,255,255,255
71,550,71,574,55,545,255,255,255
41,480,31,477,42,469,255,255,255
51,485,50,461,117,533,0,0,0
71,550,51,485,117,533,0,7,0
40,495,51,485,55,545,0,0,0
51,485,71,550,55,545,0,0,0
39,536,34,520,55,545,0,0,0
34,520,40,495,55,545,32,51,39
40,495,34,520,14,512,0,0,0
25,543,34,520,39,536,182,202,189
14,512,34,520,9,535,255,255,255
34,520,25,543,9,535,0,0,0
374,1007,364,999,366,999,255,255,255
355,1002,364,999,374,1007,255,255,255
364,999,354,947,366,999,255,255,255
364,999,355,1002,354,947,255,255,255
427,866,430,865,431,870,0,0,0
430,865,435,868,431,870,255,255,255
430,865,433,862,435,868,0,0,0
433,862,430,865,424,860,0,0,0
430,865,427,866,424,860,0,0,0
396,898,399,907,386,912,255,255,255
381,911,396,898,386,912,0,0,0
397,897,396,898,368,908,255,255,255
396,898,381,911,368,908,0,0,0
378,241,374,229,383,217,255,255,255
378,241,383,217,411,291,141,81,12
378,244,378,241,411,291,255,255,255
50,387,43,374,50,361,255,255,255
57,391,50,387,50,361,0,0,0
50,387,45,398,43,374,255,255,255
45,398,50,387,57,391,255,255,255
112,565,95,568,117,533,241,255,247
95,568,86,566,117,533,76,85,68
276,314,272,316,268,309,0,0,0
280,314,276,314,283,297,0,0,0
276,314,268,309,283,297,255,255,255
277,324,276,314,280,314,0,0,0
272,316,276,314,277,324,0,0,0
574,988,585,963,596,980,81,91,74
593,993,574,988,596,980,0,0,0
574,988,593,993,588,999,0,0,0
574,988,544,955,585,963,0,0,0
574,988,588,999,493,1017,0,0,0
533,955,574,988,493,1017,0,0,0
544,955,574,988,533,955,106,116,99
684,972,691,969,689,981,255,255,255
684,972,684,971,691,969,255,255,255
684,971,684,972,669,986,255,255,255
664,1003,607,967,669,986,62,81,68
607,967,664,1003,662,1006,255,255,255
673,1003,676,998,676,1002,0,0,0
673,1003,669,1001,676,998,255,255,255
674,1005,673,1003,676,1002,0,0,0
673,1003,674,1005,669,1001,255,255,255
669,1001,669,987,676,998,255,255,255
676,998,669,987,685,989,0,0,0
669,987,664,1003,669,986,255,255,255
664,1003,669,987,669,1001,255,255,255
729,1009,725,1005,737,1007,253,255,255
725,1005,729,1009,724,1005,255,255,255
725,1005,744,974,737,1007,0,0,0
744,974,725,1005,724,1005,0,0,0
812,984,808,978,816,970,0,0,0
808,978,812,984,800,983,0,0,0
865,975,884,968,896,977,0,0,0
884,968,865,975,865,938,0,0,0
877,933,884,968,865,938,255,255,255
899,963,884,968,897,937,255,255,255
884,968,877,933,897,937,0,0,0
850,981,854,983,854,987,207,226,214
822,873,827,885,819,890,255,255,255
827,885,825,892,819,890,255,255,255
832,898,825,892,833,885,0,0,0
825,892,827,885,833,885,0,0,0
877,933,875,933,869,917,255,255,255
875,933,865,923,869,917,255,255,255
875,933,877,933,865,938,255,255,255
865,923,875,933,865,938,255,255,255
854,915,857,929,842,929,255,255,255
854,915,865,923,857,929,0,0,0
865,923,854,915,869,917,0,0,0
854,915,832,898,833,885,255,255,255
884,909,854,915,833,885,255,255,255
869,917,854,915,884,909,0,0,0
657,836,665,830,664,872,0,0,0
624,829,657,836,664,872,255,255,255
652,831,657,836,624,829,0,0,0
655,826,657,836,652,831,255,255,255
665,830,657,836,655,826,0,0,0
665,824,655,826,682,814,255,255,255
665,824,665,830,655,826,255,255,255
437,862,434,856,436,851,255,255,255
434,856,437,862,433,862,0,0,0
436,851,434,856,424,860,0,0,0
434,856,433,862,424,860,0,0,0
957,870,944,869,953,861,255,255,255
944,869,957,870,942,875,0,0,0
953,861,944,869,934,831,255,255,255
944,869,912,887,934,831,0,0,0
912,887,944,869,942,875,255,255,255
946,903,945,891,954,907,0,0,0
963,920,946,903,954,907,0,0,0
946,903,963,920,939,959,195,192,186
930,897,946,903,897,937,255,255,255
946,903,939,959,897,937,23,20,14
945,891,940,889,942,875,255,255,255
940,889,946,903,930,897,167,164,159
946,903,940,889,945,891,255,255,255
951,833,955,816,972,838,0,0,0
955,816,959,810,972,838,0,0,0
955,816,951,833,934,831,0,0,0
915,825,955,816,934,831,255,255,255
959,810,955,816,915,825,0,0,0
812,734,851,763,828,776,0,0,0
851,763,861,773,828,776,255,255,255
829,872,837,859,833,885,255,255,255
814,869,819,890,805,896,255,255,255
814,869,822,873,819,890,255,255,255
903,759,911,754,909,766,14,11,6
909,766,911,754,921,760,0,0,0
911,754,915,749,921,760,0,0,0
898,894,914,889,930,897,255,255,255
912,887,914,889,898,894,255,255,255
914,889,940,889,930,897,0,0,0
914,889,912,887,942,875,255,255,255
940,889,914,889,942,875,255,255,255
686,703,676,713,636,719,0,0,0
676,713,691,734,636,719,0,0,0
694,716,676,713,686,703,0,0,0
691,734,676,713,694,716,255,255,255
691,734,697,808,682,814,0,0,0
703,824,722,817,705,849,0,0,0
722,817,703,824,705,815,255,255,255
591,390,622,405,593,413,0,0,0
623,392,622,405,591,390,255,255,255
622,405,603,440,593,413,255,255,255
603,440,622,405,623,442,0,0,0
622,405,623,392,634,393,0,0,0
622,405,634,393,647,438,255,255,255
623,442,622,405,647,438,255,255,255
701,313,701,308,707,319,0,0,0
702,321,701,313,707,319,255,255,255
701,308,701,313,698,308,255,255,255
701,313,692,314,698,308,255,255,255
696,321,702,321,691,328,255,255,255
692,314,696,321,691,328,255,255,255
40,487,51,485,40,495,0,0,0
51,485,40,487,41,480,0,0,0
40,487,40,495,31,477,255,255,255
41,480,40,487,31,477,255,255,255
50,461,47,472,42,469,0,0,0
51,485,47,472,50,461,0,0,0
47,472,41,480,42,469,52,50,44
47,472,51,485,41,480,0,0,0
377,912,369,916,368,908,255,255,255
381,911,377,912,368,908,0,0,0
369,916,377,912,394,933,0,0,0
377,912,386,912,394,933,0,0,0
377,912,381,911,386,912,0,0,0
399,907,398,900,402,900,255,255,255
396,898,398,900,399,907,255,255,255
398,900,397,897,402,900,255,255,255
398,900,396,898,397,897,0,0,0
374,229,376,240,363,243,255,255,255
378,241,376,240,374,229,255,255,255
376,240,378,244,363,243,255,255,255
376,240,378,241,378,244,255,255,255
82,579,86,584,81,585,255,255,255
71,574,82,579,81,585,0,0,0
81,575,82,579,71,574,0,0,0
95,568,88,572,86,566,255,255,255
81,572,81,575,71,574,255,255,255
71,550,81,572,71,574,255,255,255
81,572,71,550,86,566,255,255,255
88,572,81,572,86,566,255,255,255
81,572,88,572,81,575,0,0,0
684,972,680,982,669,986,255,255,255
680,982,669,987,669,986,255,255,255
680,982,685,988,685,989,0,0,0
669,987,680,982,685,989,202,194,190
673,1010,676,1002,673,1011,0,0,0
673,1010,674,1005,676,1002,0,0,0
664,1003,673,1010,662,1006,255,255,255
673,1010,664,1003,669,1001,255,255,255
674,1005,673,1010,669,1001,0,0,0
662,1006,673,1010,667,1014,0,0,0
673,1010,673,1011,667,1014,0,0,0
808,976,808,975,816,970,0,0,0
808,978,808,976,816,970,0,0,0
808,976,808,978,800,983,255,255,255
884,968,895,968,896,977,255,255,255
895,968,884,968,899,963,0,12,0
895,968,903,975,896,977,255,255,255
895,968,899,963,903,975,255,255,255
858,977,850,981,851,972,0,0,0
858,977,854,983,850,981,255,255,255
865,975,858,977,851,972,255,255,255
858,977,865,975,854,987,0,0,0
854,983,858,977,854,987,255,255,255
825,892,819,891,819,890,255,255,255
819,890,819,891,805,896,0,0,0
819,900,832,898,821,905,0,0,0
819,900,825,892,832,898,255,255,255
819,900,819,891,825,892,255,255,255
815,908,819,900,821,905,255,255,255
819,900,815,908,805,896,0,0,0
819,891,819,900,805,896,255,255,255
832,916,854,915,842,929,0,0,0
854,915,832,916,832,898,0,0,0
832,898,832,916,821,905,0,0,0
832,916,815,908,821,905,255,255,255
807,936,832,916,842,929,255,255,255
815,908,832,916,807,936,255,255,255
679,821,665,824,682,814,255,255,255
665,824,679,821,665,830,0,0,0
861,773,864,729,903,759,0,0,0
851,763,864,729,861,773,0,0,0
864,729,851,763,812,734,0,0,0
864,729,803,657,895,654,0,0,0
803,657,864,729,812,734,255,255,255
829,872,831,865,837,859,255,255,255
827,885,828,877,833,885,86,95,78
828,877,829,872,833,885,255,255,255
805,852,814,869,805,896,0,0,0
800,835,805,852,739,822,246,255,239
805,852,724,915,739,822,0,0,0
805,852,805,896,724,915,0,6,0
705,809,722,817,705,815,0,0,0
697,808,705,809,705,815,0,0,0
722,817,705,809,758,780,0,0,0
705,809,740,736,758,780,0,0,0
705,809,691,734,740,736,0,0,0
705,809,697,808,691,734,255,255,255
701,313,696,318,692,314,0,0,0
696,318,696,321,692,314,255,255,255
696,318,701,313,702,321,255,255,255
696,321,696,318,702,321,255,255,255
90,576,88,572,95,568,0,0,0
90,576,82,579,81,575,255,255,255
88,572,90,576,81,575,0,0,0
685,988,681,982,689,981,0,0,0
680,982,681,982,685,988,0,0,0
680,821,679,821,682,814,255,255,255
679,821,684,825,665,830,0,0,0
665,830,684,825,705,849,255,255,255
684,825,680,821,687,823,0,0,0
680,821,684,825,679,821,0,0,0
684,825,703,824,705,849,255,255,255
703,824,684,825,687,823,255,255,255
864,729,902,728,903,759,255,255,255
902,728,911,754,903,759,255,255,255
911,754,902,728,915,749,255,255,255
915,749,902,728,926,730,255,255,255
926,730,902,728,895,654,255,255,255
902,728,864,729,895,654,0,0,0
825,870,831,865,829,872,0,0,0
827,876,827,885,822,873,255,255,255
827,876,828,877,827,885,255,255,255
828,877,827,876,829,872,255,255,255
805,852,822,852,814,869,0,0,0
822,852,825,870,814,869,0,0,0
825,870,822,852,831,865,255,255,255
832,846,822,852,800,835,255,255,255
822,852,805,852,800,835,0,0,0
697,808,683,814,682,814,255,255,255
695,810,683,814,697,808,255,255,255
683,814,680,821,682,814,255,255,255
680,821,683,814,687,823,0,0,0
696,816,703,824,687,823,0,0,0
683,814,696,816,687,823,0,0,0
696,816,683,814,695,810,255,255,255
703,824,696,816,705,815,0,0,0
696,816,697,808,705,815,0,0,0
696,816,695,810,697,808,0,0,0
90,576,90,580,82,579,255,255,255
86,584,90,580,90,582,255,255,255
82,579,90,580,86,584,0,0,0
90,580,90,576,95,568,0,0,0
90,580,112,565,90,582,0,0,0
90,580,95,568,112,565,46,56,39
684,978,680,982,684,972,255,255,255
684,978,684,972,689,981,255,255,255
823,872,827,876,822,873,255,255,255
814,869,823,872,822,873,255,255,255
825,870,823,872,814,869,0,0,0
822,852,830,854,831,865,0,0,0
837,859,830,854,837,857,0,0,0
831,865,830,854,837,859,255,255,255
681,982,684,979,689,981,0,0,0
684,979,684,978,689,981,0,0,0
830,853,832,846,837,857,255,255,255
830,854,830,853,837,857,0,0,0
830,853,822,852,832,846,255,255,255
830,853,830,854,822,852,0,0,0
496,869,479,863,480,861,0,0,0
479,863,496,869,495,871,0,0,0
808,975,808,976,800,968,0,0,0
808,976,800,983,800,968,0,0,0
827,876,823,872,829,872,255,255,255
823,872,825,870,829,872,0,0,0
684,978,684,979,680,982,255,255,255
684,979,681,982,680,982,255,255,255
