1,318,0,527,0,0,65,58,41
1022,817,1023,509,1023,1023,52,77,79
5,217,1,318,0,0,99,73,49
218,1023,603,1020,1023,1023,42,74,64
453,984,603,1020,218,1023,57,79,76
478,981,603,1020,453,984,61,76,82
603,1020,478,981,509,975,40,70,94
603,1020,827,1019,1023,1023,48,85,77
1022,817,1014,763,1023,509,47,66,69
1014,763,1005,654,1023,509,35,52,48
81,1023,103,1020,218,1023,33,62,55
4,684,2,729,0,527,17,27,14
2,729,0,922,0,527,10,24,15
0,922,2,729,2,849,8,22,17
1023,53,1009,32,1023,0,222,194,179
1018,112,1022,494,1010,260,116,99,65
1022,494,1023,53,1023,509,90,90,71
1022,494,1018,112,1023,53,160,134,99
800,1,707,0,1023,0,190,112,10
476,15,470,1,522,0,211,164,118
1009,539,995,534,1023,509,23,56,45
457,578,461,630,406,596,160,154,127
793,1018,827,1019,603,1020,16,64,43
827,1019,947,997,1023,1023,88,102,116
924,966,947,997,905,968,111,123,140
793,1018,722,1017,789,1016,16,73,52
722,1017,793,1018,603,1020,15,64,41
1014,763,992,709,1005,654,84,95,96
1,318,5,357,0,527,24,42,34
5,357,8,407,0,527,22,42,34
53,332,17,325,51,286,52,43,38
81,319,53,332,51,286,48,40,38
96,379,116,384,125,423,59,54,53
152,384,116,384,126,344,50,44,41
116,384,96,379,126,344,43,39,40
52,411,96,379,125,423,91,89,91
69,457,52,411,125,423,78,90,90
52,411,82,363,96,379,92,88,85
20,1003,81,1023,0,1023,24,31,23
26,910,0,922,2,849,11,20,14
2,729,9,817,2,849,10,25,17
116,384,141,422,125,423,63,64,65
141,422,116,384,152,384,57,53,52
225,447,184,431,189,410,60,56,52
383,975,453,984,218,1023,35,63,53
355,973,383,975,218,1023,39,71,63
355,973,266,973,315,935,113,111,108
266,973,270,951,315,935,98,86,67
266,973,355,973,218,1023,74,91,91
49,728,2,729,4,684,24,33,14
1009,32,1000,28,1023,0,205,156,125
902,10,984,3,978,38,190,113,14
1000,28,984,3,1023,0,195,134,85
984,3,1000,28,978,38,193,126,60
984,3,800,1,1023,0,190,116,23
984,3,902,10,800,1,189,109,1
1018,112,1010,84,1023,53,230,211,203
1010,84,1000,78,1023,53,228,207,199
980,54,1009,32,1023,53,233,217,209
1000,78,980,54,1023,53,230,210,202
1000,28,980,54,978,38,220,184,159
980,54,1000,28,1009,32,227,203,190
1011,163,1018,112,1010,260,220,162,97
964,139,1011,163,948,179,213,148,78
939,337,941,399,890,384,180,167,165
881,366,939,337,890,384,205,205,210
1007,321,1001,399,997,386,39,61,53
1022,494,1007,321,1010,260,50,62,53
1001,399,1007,321,1022,494,25,52,45
476,15,499,52,463,49,206,150,93
954,620,979,592,1005,654,20,51,39
954,620,925,667,916,595,91,109,76
979,592,1004,558,1005,654,14,39,31
910,577,961,550,916,595,63,74,25
961,550,910,577,931,522,52,83,66
907,518,910,577,858,527,51,83,68
910,577,907,518,931,522,40,70,65
457,578,462,582,461,630,161,155,124
462,582,457,578,478,555,154,163,151
1021,842,1022,817,1023,1023,56,89,84
1003,918,1010,977,980,974,88,102,120
924,966,1003,918,980,974,124,136,152
1003,918,924,966,968,868,133,143,158
947,997,966,991,1023,1023,112,125,143
966,991,1010,977,1023,1023,99,110,127
1010,977,966,991,980,974,89,101,118
966,991,924,966,980,974,120,131,148
924,966,966,991,947,997,118,130,147
993,798,1014,763,1022,817,49,93,91
980,817,993,798,1022,817,60,99,100
993,798,980,817,958,779,72,96,105
459,976,478,981,453,984,141,121,133
980,817,941,825,958,779,85,116,126
924,966,888,888,968,868,125,139,157
476,927,457,939,448,906,123,135,137
493,875,476,927,448,906,89,102,102
691,1011,722,1017,603,1020,21,63,42
722,1017,691,1011,693,966,37,83,63
981,690,970,666,1005,654,17,40,33
992,709,981,690,1005,654,42,63,57
933,763,969,774,958,779,50,88,77
969,774,993,798,958,779,69,87,103
993,798,969,774,1014,763,63,92,102
51,286,10,323,1,318,56,47,42
17,325,10,323,51,286,56,46,40
10,323,5,357,1,318,54,53,46
10,323,17,325,5,357,58,56,48
5,217,35,256,1,318,49,41,36
81,319,74,336,53,332,36,29,21
74,336,81,319,126,344,36,31,20
82,363,74,336,126,344,38,31,23
96,379,88,367,126,344,47,40,37
88,367,82,363,126,344,46,38,32
82,363,88,367,96,379,63,55,54
8,407,31,485,0,527,11,29,21
52,457,47,451,69,457,31,54,46
47,451,49,424,69,457,36,62,53
49,424,52,411,69,457,44,65,59
52,411,49,424,31,402,72,68,67
49,424,8,407,31,402,42,47,42
49,424,47,451,8,407,59,69,66
141,422,143,455,125,423,96,98,100
143,455,141,422,184,431,74,71,69
91,474,143,455,136,507,35,53,46
91,474,54,533,56,492,19,36,28
0,922,16,966,0,1023,7,16,12
16,966,26,910,49,925,53,47,17
26,910,16,966,0,922,17,40,27
103,1020,131,1003,218,1023,26,45,38
74,959,90,936,122,962,8,20,9
74,959,95,994,58,980,19,19,11
95,994,74,959,122,962,8,25,14
124,976,95,994,122,962,15,33,18
95,994,124,976,120,987,18,35,21
219,930,214,950,199,907,134,103,19
26,910,50,876,49,925,18,40,27
50,876,26,910,2,849,13,35,23
50,876,69,925,49,925,11,26,16
69,925,50,876,84,887,20,34,19
169,396,141,422,152,384,69,65,65
184,431,169,396,189,410,75,80,85
141,422,169,396,184,431,61,55,53
225,447,214,464,184,431,46,39,28
383,975,439,970,453,984,73,90,96
439,970,459,976,453,984,93,111,128
459,976,439,970,457,939,103,126,140
376,923,439,970,383,975,83,104,110
10,638,4,684,0,527,21,33,18
17,593,10,638,0,527,18,35,28
10,638,16,635,4,684,30,36,13
16,635,10,638,17,593,21,40,32
67,695,49,728,4,684,48,53,15
33,743,9,817,2,729,24,43,22
49,728,33,743,2,729,53,46,10
200,728,164,739,186,700,153,120,9
227,849,248,927,199,907,150,111,2
248,927,227,849,280,874,151,111,1
247,698,200,728,186,700,166,137,41
144,662,189,640,186,700,117,90,1
791,92,827,46,814,119,201,123,7
966,83,980,54,1000,78,227,204,192
1011,163,1005,145,1018,112,220,179,146
964,139,1005,145,1011,163,212,155,104
983,359,1007,321,997,386,86,98,92
845,390,881,366,890,384,167,148,138
893,405,845,390,890,384,170,153,147
845,390,893,405,840,427,171,173,173
908,286,890,281,894,261,242,231,224
863,252,890,281,850,311,202,163,129
918,250,908,286,894,261,236,206,175
890,281,865,339,850,311,170,143,127
865,339,890,281,908,286,184,157,138
613,414,612,478,584,438,166,167,168
612,478,578,478,584,438,139,155,158
742,435,736,400,762,400,167,144,130
824,300,863,252,850,311,173,134,103
863,252,824,300,846,239,208,161,114
423,482,496,526,478,555,81,78,40
383,561,418,552,406,596,165,163,151
418,552,457,578,406,596,143,145,123
457,578,418,552,478,555,150,157,148
418,552,423,482,478,555,127,127,113
441,379,400,407,421,343,136,121,111
426,337,441,379,421,343,150,127,112
371,330,426,337,421,343,121,98,83
326,452,282,447,287,411,116,100,88
193,521,175,510,209,485,27,52,42
824,300,799,253,846,239,196,158,127
767,224,799,253,782,272,239,218,198
799,253,767,224,785,221,243,235,229
669,171,634,167,642,145,212,140,41
677,210,651,247,626,198,224,163,92
554,228,587,190,593,222,224,163,91
554,228,594,263,535,258,232,176,115
594,263,554,228,593,222,229,171,104
624,314,594,263,636,262,214,180,147
594,263,624,314,586,315,197,181,168
624,314,584,334,586,315,183,173,171
749,311,719,308,744,273,162,126,97
605,218,651,247,636,262,229,169,102
594,263,605,218,636,262,230,172,107
605,218,594,263,593,222,228,168,98
651,247,605,218,626,198,225,162,87
605,218,587,190,626,198,223,167,108
587,190,605,218,593,222,223,161,88
721,11,707,0,800,1,190,110,0
521,9,476,15,522,0,197,132,56
521,9,499,52,476,15,206,150,96
634,94,700,113,642,145,204,129,21
700,113,634,94,714,89,206,144,73
634,94,671,38,714,89,197,122,12
671,38,722,30,714,89,194,117,6
707,0,603,21,522,0,232,212,198
540,56,595,89,528,94,208,150,90
595,89,593,109,528,94,204,133,39
610,90,593,109,595,89,201,125,12
970,666,965,656,1005,654,14,19,17
965,656,954,620,1005,654,23,62,50
1009,539,1002,545,995,534,10,29,23
893,405,867,481,840,427,48,93,86
867,481,844,477,840,427,31,63,52
772,447,742,435,762,400,178,186,184
804,431,772,447,762,400,133,147,141
976,577,1004,558,979,592,21,57,45
961,550,976,577,916,595,50,71,33
976,577,954,620,916,595,61,77,28
954,620,976,577,979,592,24,58,43
907,518,872,490,874,487,34,62,54
872,490,867,481,874,487,14,18,9
995,534,991,510,1023,509,18,49,41
986,526,991,510,995,534,30,67,59
991,510,986,526,966,511,27,62,53
961,545,961,550,931,522,33,80,70
966,511,961,545,931,522,28,69,59
986,526,961,545,966,511,21,59,48
999,843,980,817,1022,817,39,100,82
1021,842,999,843,1022,817,31,90,76
461,630,430,640,406,596,155,133,67
430,640,395,634,406,596,139,115,36
445,729,397,754,407,729,205,157,1
397,754,402,729,407,729,208,159,3
459,976,471,943,478,981,113,128,158
471,943,459,976,457,939,105,131,153
476,927,471,943,457,939,136,149,159
471,943,476,927,515,951,115,132,146
478,981,471,943,509,975,117,114,125
471,943,515,951,509,975,110,121,131
888,888,952,855,968,868,97,114,136
882,921,924,966,905,968,107,131,141
882,921,888,888,924,966,120,140,152
857,582,910,577,916,595,75,82,21
910,577,857,582,858,527,75,80,18
819,556,857,582,839,594,90,81,1
525,927,476,927,493,875,106,124,127
476,927,525,927,515,951,120,130,138
691,1011,617,988,693,966,60,98,81
617,988,691,1011,603,1020,24,64,41
910,800,933,763,958,779,55,90,82
941,825,910,800,958,779,124,145,159
74,336,43,357,53,332,54,44,36
43,357,74,336,82,363,58,49,44
43,357,17,325,53,332,57,51,45
17,325,43,357,5,357,69,61,54
43,357,39,374,5,357,54,50,44
5,357,24,385,8,407,44,47,39
39,374,24,385,5,357,30,25,15
8,407,24,385,31,402,32,41,34
24,385,39,374,31,402,52,43,38
18,216,35,256,5,217,51,41,35
35,256,18,216,58,214,54,44,37
34,162,18,216,5,217,51,42,37
8,142,34,162,5,217,57,47,39
8,142,5,217,0,0,142,101,60
8,124,8,71,16,83,218,149,80
8,71,8,124,0,0,218,147,76
8,124,8,142,0,0,203,139,73
76,39,56,11,90,19,212,139,57
233,7,56,11,0,0,209,134,47
173,19,56,11,233,7,207,132,41
56,11,173,19,90,19,209,135,48
34,553,17,593,0,527,26,42,36
34,553,43,593,17,593,21,38,30
54,533,24,503,56,492,24,49,39
24,503,31,485,56,492,27,53,42
31,485,24,503,0,527,12,42,32
24,503,34,553,0,527,16,41,32
34,553,24,503,54,533,17,48,35
68,479,52,457,69,457,44,58,52
68,479,91,474,56,492,25,41,31
31,485,36,480,56,492,53,72,65
36,480,68,479,56,492,27,41,33
68,479,36,480,52,457,41,57,51
52,457,36,480,47,451,89,100,99
47,451,36,480,8,407,50,64,59
36,480,31,485,8,407,26,47,37
143,455,155,490,136,507,37,57,50
87,464,69,457,125,423,43,65,59
143,455,87,464,125,423,82,92,94
91,474,87,464,143,455,37,56,49
87,464,68,479,69,457,31,54,45
68,479,87,464,91,474,23,42,32
13,1005,20,1003,0,1023,9,10,7
16,966,13,1005,0,1023,6,7,5
13,1005,29,989,20,1003,19,18,11
29,989,13,1005,16,966,25,24,15
131,1003,140,996,152,993,21,57,41
124,976,140,996,120,987,30,41,25
140,996,159,982,152,993,23,53,36
140,996,124,976,159,982,47,65,40
103,1007,95,994,120,987,14,31,23
103,1007,131,1003,103,1020,43,76,62
270,951,279,921,315,935,116,92,49
248,927,279,921,270,951,120,94,39
214,950,188,1001,159,982,66,76,50
159,982,188,1001,152,993,18,53,39
131,1003,188,1001,218,1023,41,48,45
188,1001,131,1003,152,993,8,29,18
208,997,266,973,218,1023,102,105,107
208,997,214,950,266,973,82,97,98
188,1001,208,997,218,1023,86,88,88
208,997,188,1001,214,950,36,51,42
232,931,214,950,219,930,127,99,33
232,931,219,930,199,907,134,102,11
248,927,232,931,199,907,133,100,14
232,931,248,927,270,951,120,94,36
266,973,232,931,270,951,107,97,72
214,950,232,931,266,973,121,112,88
9,817,7,838,2,849,7,10,5
7,838,50,876,2,849,13,23,13
7,838,9,817,83,841,18,32,15
50,876,7,838,83,841,39,42,13
69,925,65,938,49,925,27,26,10
103,897,69,925,84,887,12,24,14
90,936,142,945,122,962,68,70,20
103,897,142,945,90,936,45,55,20
142,945,103,897,155,912,85,76,13
142,945,124,976,122,962,59,62,21
124,976,142,945,159,982,93,82,29
351,944,383,975,355,973,57,94,93
351,944,376,923,383,975,71,90,99
351,944,355,973,315,935,97,92,85
324,924,351,944,315,935,108,87,57
439,970,402,904,457,939,91,112,112
376,923,402,904,439,970,64,85,88
457,939,402,904,448,906,55,83,76
402,878,402,904,386,874,126,110,67
16,635,48,632,4,684,18,36,20
48,632,67,695,4,684,38,44,13
48,632,52,625,60,629,6,25,14
48,632,60,629,82,673,68,64,8
67,695,48,632,82,673,63,62,10
33,743,57,789,9,817,24,39,18
9,817,57,789,83,841,22,28,11
176,779,164,739,200,728,150,114,2
263,840,227,849,223,820,179,131,2
263,840,295,789,304,833,181,133,0
227,849,263,840,280,874,167,123,0
247,698,277,698,268,725,153,122,15
114,640,144,662,82,673,110,88,1
114,640,129,608,144,662,92,80,5
902,10,813,9,800,1,191,110,0
827,46,813,9,902,10,193,113,0
752,123,814,119,750,136,215,160,95
752,123,791,92,814,119,204,128,21
748,119,752,123,750,136,228,196,164
752,123,748,119,791,92,203,127,19
813,9,802,44,800,1,192,112,0
802,44,813,9,827,46,194,115,0
1008,218,1011,163,1010,260,223,160,90
980,54,934,64,978,38,201,137,73
934,64,902,10,978,38,194,119,22
1005,145,1008,117,1018,112,227,203,192
1008,117,1005,145,964,139,220,182,156
966,83,1008,117,964,139,228,206,195
1008,117,966,83,1000,78,230,211,202
1008,117,1010,84,1018,112,228,208,200
1010,84,1008,117,1000,78,227,207,198
984,375,983,359,997,386,72,90,84
1001,399,984,375,997,386,17,44,37
941,399,984,375,1001,399,58,92,84
958,342,941,399,939,337,187,179,184
983,359,958,342,1007,321,119,127,132
958,342,984,375,941,399,172,157,150
984,375,958,342,983,359,127,126,125
959,278,958,342,939,337,173,151,144
909,475,907,518,874,487,34,67,58
867,481,909,475,874,487,31,55,45
907,518,909,475,931,522,32,59,50
909,475,867,481,893,405,35,69,59
909,475,966,511,931,522,35,69,60
994,435,941,399,1001,399,30,70,62
830,400,845,390,840,427,187,185,185
839,361,865,339,881,366,170,157,156
925,328,865,339,908,286,169,147,137
925,328,959,278,939,337,167,136,120
959,278,925,328,908,286,202,166,136
881,366,925,328,939,337,185,188,201
865,339,925,328,881,366,185,187,198
1007,321,963,277,1010,260,182,150,117
958,342,963,277,1007,321,165,152,149
963,277,958,342,959,278,191,165,149
930,249,918,250,939,234,228,173,118
612,478,631,524,578,478,43,74,62
734,542,728,500,789,535,30,57,49
699,579,673,544,720,556,79,72,1
725,589,699,579,720,556,88,74,1
555,469,556,485,522,480,70,93,80
624,314,655,363,641,369,183,184,192
674,381,720,367,717,408,151,139,136
720,367,674,381,675,377,151,140,136
578,478,570,478,584,438,145,159,163
570,478,555,469,584,438,156,170,177
556,485,570,478,578,478,63,84,70
570,478,556,485,555,469,68,91,80
415,473,439,455,423,482,180,190,202
415,473,377,476,384,456,185,195,204
441,379,409,423,400,407,120,115,116
379,413,409,423,384,456,164,170,177
409,423,379,413,400,407,112,106,110
409,423,415,473,384,456,186,196,205
415,473,409,423,439,455,173,186,199
466,441,439,455,462,428,150,168,181
418,552,382,513,423,482,138,145,141
382,513,415,473,423,482,149,162,167
415,473,382,513,377,476,162,172,180
382,513,418,552,383,561,184,190,194
343,503,382,513,383,561,139,141,133
377,476,382,513,343,503,92,101,91
482,426,466,441,462,428,141,166,174
466,441,482,426,522,480,119,140,137
544,400,555,469,522,480,139,151,152
482,426,544,400,522,480,125,131,126
544,400,482,426,514,394,116,110,105
481,342,441,379,426,337,142,128,121
441,379,481,342,466,380,123,106,94
369,13,308,1,470,1,211,158,100
308,1,233,7,0,0,205,130,37
522,0,308,1,0,0,207,139,57
470,1,308,1,522,0,217,174,128
411,15,369,13,470,1,224,191,164
432,101,453,134,416,178,215,143,52
411,15,361,43,369,13,209,152,98
379,413,383,407,400,407,122,126,139
400,407,383,407,421,343,116,105,100
383,407,371,330,421,343,129,121,119
442,222,376,244,416,178,230,171,109
286,338,334,276,371,330,141,122,112
371,330,425,280,426,337,130,107,95
335,408,362,434,326,452,179,187,196
224,463,214,464,225,447,34,26,11
282,447,224,463,225,447,48,43,24
214,464,224,463,209,485,71,64,58
316,541,343,503,383,561,129,122,103
374,577,383,561,406,596,161,160,145
395,634,374,577,406,596,141,128,90
374,577,316,541,383,561,167,167,159
316,541,374,577,304,559,149,139,119
677,210,731,209,734,260,228,182,135
731,209,677,210,698,194,227,189,159
719,308,745,316,738,330,160,143,136
745,316,719,308,749,311,142,111,90
790,308,771,296,782,272,189,160,137
634,167,623,143,642,145,210,136,31
636,188,677,210,626,198,221,157,81
677,210,636,188,669,171,223,168,109
636,188,634,167,669,171,215,143,47
677,210,689,187,698,194,231,205,186
689,187,677,210,669,171,231,202,182
744,273,705,287,734,260,196,157,121
719,308,705,287,744,273,161,134,115
687,330,624,314,670,300,175,174,178
687,330,655,363,624,314,183,183,188
677,210,671,268,651,247,229,176,118
671,268,677,210,734,260,217,176,133
705,287,671,268,734,260,169,153,146
624,314,647,293,670,300,189,188,192
647,293,624,314,636,262,196,189,186
723,23,722,30,707,0,191,111,0
721,11,723,23,707,0,190,111,0
723,23,721,11,800,1,191,111,0
802,44,723,23,800,1,193,113,0
723,23,802,44,722,30,194,114,0
603,21,596,39,586,31,238,227,220
722,30,672,28,707,0,192,118,22
671,38,672,28,722,30,196,127,48
707,0,672,28,654,24,209,162,122
672,28,671,38,654,24,212,170,144
603,21,565,20,522,0,241,227,214
565,20,603,21,586,31,246,241,236
565,20,521,9,522,0,211,161,100
565,20,540,56,521,9,216,174,134
644,22,707,0,654,24,209,165,129
644,22,603,21,707,0,213,178,151
671,38,644,22,654,24,207,163,133
644,22,671,38,634,94,197,130,49
593,109,532,133,528,94,205,129,20
532,133,593,109,567,160,208,134,28
532,133,518,108,528,94,205,130,19
954,620,951,655,925,667,70,109,94
965,656,951,655,954,620,33,80,64
951,655,965,656,970,666,27,48,39
1008,549,1002,545,1009,539,14,30,26
1002,545,1008,549,1004,558,27,60,53
1008,549,1009,539,1023,509,17,41,34
1005,654,1008,549,1023,509,13,31,25
1004,558,1008,549,1005,654,18,39,34
980,553,976,577,961,550,22,55,46
961,545,980,553,961,550,20,56,46
867,481,859,485,844,477,24,40,29
832,484,859,485,862,499,27,60,47
859,485,832,484,844,477,29,58,46
859,485,872,490,862,499,25,48,38
872,490,859,485,867,481,18,26,18
872,490,862,515,862,499,23,51,40
862,515,872,490,907,518,30,63,52
862,515,907,518,858,527,28,65,53
487,589,462,582,478,555,153,159,138
498,573,487,589,478,555,148,152,123
496,526,505,550,478,555,117,122,92
505,550,498,573,478,555,136,144,115
533,546,505,550,525,534,127,132,102
505,550,533,546,498,573,143,151,123
1015,877,999,843,1021,842,13,66,44
1003,918,1015,877,1010,977,91,106,121
1010,977,1015,877,1023,1023,89,108,116
1015,877,1021,842,1023,1023,65,93,91
447,642,430,640,461,630,144,117,33
430,640,447,642,438,663,155,131,56
521,823,497,781,547,780,165,125,9
497,781,474,770,496,762,38,68,40
522,877,525,927,493,875,26,74,67
525,927,522,877,559,883,21,56,50
402,729,404,725,407,729,211,163,22
416,651,430,640,438,663,138,108,13
430,640,416,651,395,634,138,108,13
416,651,389,656,395,634,144,117,28
350,751,329,742,355,733,164,139,58
293,854,330,868,280,874,153,113,0
293,854,263,840,304,833,169,125,0
263,840,293,854,280,874,163,120,0
334,844,293,854,304,833,165,122,0
293,854,334,844,330,868,157,116,0
351,944,362,906,376,923,88,92,96
402,904,362,906,386,874,124,112,81
362,906,402,904,376,923,108,121,130
362,906,341,901,339,880,128,105,48
341,901,351,944,324,924,114,92,54
341,901,362,906,351,944,113,94,61
999,843,969,832,980,817,25,90,64
969,832,941,825,980,817,50,106,94
969,832,952,855,941,825,81,112,119
969,832,999,843,968,868,19,78,54
952,855,969,832,968,868,32,80,71
897,853,952,855,888,888,113,132,156
952,855,897,853,941,825,133,148,170
864,957,882,921,905,968,80,108,114
862,854,837,819,887,836,49,91,84
722,1017,780,986,789,1016,17,67,48
857,582,828,543,858,527,58,67,24
828,543,857,582,819,556,78,73,4
603,683,641,693,624,711,191,176,143
515,951,529,959,509,975,87,122,127
529,959,603,1020,509,975,34,78,95
591,929,617,915,618,944,103,91,86
617,988,617,949,693,966,33,72,43
617,949,591,929,618,944,82,82,68
909,751,920,724,933,763,113,134,138
910,800,909,751,933,763,103,134,135
909,751,910,800,886,788,148,160,168
910,800,888,834,886,788,106,127,144
888,834,858,786,886,788,136,165,190
888,834,910,800,941,825,129,143,162
837,819,888,834,887,836,76,121,121
858,786,888,834,837,819,102,133,141
888,834,897,853,887,836,136,151,174
897,853,888,834,941,825,144,158,179
45,373,43,357,82,363,80,71,65
43,357,45,373,39,374,79,72,69
52,411,45,373,82,363,108,103,101
45,373,52,411,31,402,93,84,80
39,374,45,373,31,402,76,68,64
18,216,60,209,58,214,56,47,40
60,209,18,216,34,162,50,44,35
140,110,116,129,81,83,221,152,83
81,83,33,115,16,83,219,149,79
33,115,8,124,16,83,219,150,80
33,115,64,136,34,162,218,153,85
40,263,73,266,51,286,53,48,49
40,263,51,286,1,318,52,46,44
35,256,40,263,1,318,53,46,43
78,255,35,256,58,214,55,46,42
78,255,40,263,35,256,53,46,46
40,263,78,255,73,266,58,52,51
79,45,76,39,90,19,213,140,61
102,51,140,110,81,83,218,147,75
84,61,102,51,81,83,216,145,72
173,19,102,51,90,19,211,137,52
102,51,79,45,90,19,214,140,60
79,45,102,51,84,61,216,144,67
55,558,54,533,77,565,37,58,55
55,558,34,553,54,533,15,39,31
34,553,55,558,43,593,50,65,62
175,510,198,478,209,485,51,72,66
155,490,198,478,175,510,46,67,62
198,478,214,464,209,485,88,88,87
214,464,198,478,184,431,54,50,43
198,478,143,455,184,431,93,93,94
198,478,155,490,143,455,86,96,97
155,490,144,507,136,507,17,39,27
144,507,155,490,175,510,12,33,20
29,989,33,966,58,980,47,44,28
33,966,29,989,16,966,18,21,13
33,966,16,966,49,925,13,13,6
65,938,33,966,49,925,43,37,12
140,996,127,999,120,987,48,55,32
127,999,140,996,131,1003,81,94,63
127,999,103,1007,120,987,35,51,34
103,1007,127,999,131,1003,75,95,70
95,994,79,1011,58,980,35,33,19
79,1011,29,989,58,980,59,47,26
20,1003,79,1011,81,1023,55,51,34
29,989,79,1011,20,1003,54,44,24
287,899,248,927,280,874,134,100,5
287,899,279,921,248,927,124,95,21
287,899,341,901,324,924,122,95,32
287,899,324,924,315,935,121,96,44
279,921,287,899,315,935,121,94,33
330,868,287,899,280,874,144,108,0
287,899,330,868,339,880,142,112,15
341,901,287,899,339,880,132,105,29
74,959,67,950,90,936,52,46,17
67,950,33,966,65,938,12,15,6
67,950,74,959,58,980,12,12,7
33,966,67,950,58,980,16,15,9
74,930,65,938,69,925,37,39,16
74,930,103,897,90,936,43,43,14
103,897,74,930,69,925,17,20,8
67,950,74,930,90,936,36,37,13
74,930,67,950,65,938,39,38,15
160,944,214,950,159,982,128,101,38
142,945,160,944,159,982,132,101,23
160,944,142,945,155,912,144,107,1
214,950,160,944,199,907,136,104,15
160,944,155,912,199,907,148,108,1
111,850,103,897,84,887,37,61,29
155,912,155,887,199,907,158,115,0
45,629,48,632,16,635,10,26,16
48,632,45,629,52,625,5,23,14
45,629,16,635,17,593,15,38,29
43,593,45,629,17,593,29,49,44
52,625,45,629,43,593,22,47,38
67,695,72,716,49,728,44,52,16
72,716,71,726,49,728,9,24,13
72,716,67,695,82,673,93,79,7
72,716,87,728,71,726,24,37,18
87,728,72,716,82,673,76,72,12
65,759,57,789,33,743,32,43,16
71,726,65,759,49,728,91,75,9
87,728,65,759,71,726,100,82,5
176,779,129,781,164,739,168,138,45
223,769,176,779,200,728,153,119,10
246,745,223,769,200,728,162,132,32
223,769,246,745,238,778,155,125,19
223,769,180,790,176,779,146,110,1
228,813,263,840,223,820,181,138,16
228,813,223,769,238,778,153,123,21
228,813,238,778,295,789,163,126,7
263,840,228,813,295,789,182,135,2
180,790,228,813,223,820,175,153,80
223,769,228,813,180,790,153,122,20
317,748,309,741,329,742,142,111,6
350,751,317,748,329,742,153,124,28
245,715,247,698,268,725,150,117,6
246,745,245,715,268,725,145,112,1
247,698,245,715,200,728,162,135,42
245,715,246,745,200,728,158,128,26
238,778,284,770,295,789,177,133,1
246,745,284,770,238,778,152,119,10
284,770,246,745,268,725,149,112,1
309,741,284,770,268,725,171,133,12
317,748,284,770,309,741,187,146,9
219,656,247,698,186,700,149,119,7
374,577,346,621,304,559,163,160,144
346,621,374,577,395,634,181,174,152
297,721,309,741,268,725,164,129,23
309,741,297,721,329,742,167,134,38
66,589,55,558,77,565,71,88,84
55,558,66,589,43,593,72,80,77
66,589,52,625,43,593,47,71,65
52,625,66,589,60,629,47,68,63
66,589,84,617,60,629,60,70,68
94,636,114,640,82,673,100,84,1
114,640,94,636,107,626,89,77,2
94,636,84,617,107,626,82,76,17
60,629,94,636,82,673,93,82,5
84,617,94,636,60,629,70,72,24
84,617,109,621,107,626,68,66,33
109,621,114,640,107,626,90,79,10
109,621,129,608,114,640,85,80,29
700,113,715,138,711,145,229,199,166
791,92,808,50,827,46,198,120,0
808,50,802,44,827,46,196,116,0
918,250,899,221,939,234,226,169,110
899,221,918,250,894,261,227,175,122
872,113,883,118,861,160,212,150,82
827,46,872,113,814,119,202,125,16
943,190,958,216,939,234,222,161,93
899,221,943,190,939,234,224,166,105
958,216,966,202,978,219,222,159,87
1011,163,966,202,948,179,215,141,45
966,202,943,190,948,179,217,147,66
943,190,966,202,958,216,221,156,85
1008,218,966,202,1011,163,219,152,74
1008,249,1008,218,1010,260,226,163,90
966,83,937,72,980,54,208,154,106
937,72,934,64,980,54,201,135,69
915,413,909,475,893,405,52,100,93
909,475,915,413,933,440,34,73,65
941,399,915,413,890,384,169,167,163
915,413,893,405,890,384,191,188,183
993,488,991,510,966,511,22,58,49
845,390,843,376,881,366,162,140,130
843,376,839,361,881,366,158,133,122
745,316,784,331,738,330,146,115,96
784,331,745,316,749,311,148,117,98
784,331,771,296,790,308,166,154,153
771,296,784,331,749,311,168,157,156
865,339,847,342,850,311,175,169,172
839,361,847,342,865,339,174,170,177
958,216,980,237,939,234,227,180,135
980,237,958,216,978,219,224,172,120
963,277,980,237,1010,260,229,170,105
980,237,1008,249,1010,260,227,166,97
938,245,930,249,939,234,226,171,111
980,237,938,245,939,234,226,173,118
938,245,980,237,963,277,228,170,108
939,263,959,278,908,286,232,202,177
918,250,939,263,908,286,234,197,159
930,249,939,263,918,250,229,171,108
938,245,939,263,930,249,229,171,107
939,263,963,277,959,278,233,197,164
939,263,938,245,963,277,230,176,120
631,418,612,478,613,414,185,191,196
646,495,671,486,653,511,20,42,31
648,514,646,495,653,511,21,40,29
631,418,646,495,612,478,117,144,144
646,495,631,418,671,486,92,122,118
646,495,631,524,612,478,25,57,45
631,524,646,495,648,514,22,42,31
673,544,689,525,720,556,56,64,22
689,525,734,542,720,556,54,64,26
734,542,689,525,728,500,29,50,41
631,418,679,425,671,486,182,197,200
679,425,674,381,717,408,154,144,143
679,425,696,450,671,486,124,152,153
640,528,631,524,648,514,23,40,32
580,616,603,683,565,658,184,172,144
564,631,580,616,565,658,185,173,148
735,580,725,589,720,556,87,73,1
735,580,734,542,789,535,72,74,20
699,579,658,591,673,544,97,86,24
577,835,521,823,547,780,159,121,26
589,880,577,835,613,865,23,61,55
577,835,589,880,559,883,27,67,63
522,877,577,835,559,883,28,74,66
577,835,522,877,521,823,127,109,61
677,773,654,788,649,760,64,52,68
654,788,626,802,649,760,136,104,54
626,802,589,764,649,760,120,92,51
589,764,598,739,649,760,113,89,63
595,805,589,764,626,802,165,125,34
589,764,595,805,547,780,175,135,32
527,594,533,546,554,549,147,141,104
533,546,527,594,498,573,140,130,84
521,689,447,642,461,630,146,118,27
447,642,521,689,438,663,150,125,41
448,713,404,725,409,680,178,141,37
448,713,445,729,407,729,202,157,21
404,725,448,713,407,729,208,162,32
520,722,532,749,496,762,192,164,92
533,546,560,540,554,549,166,173,168
560,540,556,485,578,478,73,81,59
631,524,560,540,578,478,64,79,62
556,485,516,497,522,480,62,74,58
730,387,736,400,717,408,137,114,101
720,367,730,387,717,408,151,138,132
736,400,730,387,762,400,136,101,76
439,455,457,422,462,428,150,169,181
409,423,457,422,439,455,134,152,160
457,422,409,423,441,379,160,169,182
457,422,441,379,466,380,153,154,157
457,422,482,426,462,428,158,178,189
482,426,457,422,466,380,159,166,173
377,476,372,473,384,456,156,155,158
372,473,359,470,384,456,153,150,151
372,473,377,476,343,503,137,145,148
359,470,372,473,343,503,122,125,124
326,452,349,459,343,503,121,114,111
349,459,359,470,343,503,118,117,113
362,434,349,459,326,452,158,159,164
359,470,349,459,384,456,158,157,160
349,459,362,434,384,456,178,192,201
486,382,482,426,466,380,125,117,112
482,426,486,382,514,394,131,132,133
481,342,486,382,466,380,117,100,89
555,469,553,403,584,438,132,128,125
544,400,553,403,555,469,132,132,136
536,357,486,382,481,342,129,116,111
452,194,442,222,416,178,227,166,99
444,36,476,15,463,49,225,194,176
476,15,444,36,470,1,226,198,182
444,36,411,15,470,1,228,203,187
404,95,413,95,416,178,213,142,51
413,95,432,101,416,178,213,141,49
432,101,456,120,453,134,210,136,38
366,84,361,43,404,95,206,133,37
348,25,308,1,369,13,204,137,60
361,43,427,44,404,95,208,143,68
427,44,361,43,411,15,218,173,137
427,44,413,95,404,95,207,139,58
444,36,427,44,411,15,221,184,159
339,394,286,338,371,330,153,140,135
335,408,339,394,343,401,130,122,121
334,276,277,306,324,261,150,125,111
277,306,334,276,286,338,135,112,98
264,404,225,447,189,410,70,60,50
282,447,264,404,287,411,112,96,74
264,404,282,447,225,447,76,65,41
343,257,334,276,324,261,168,166,169
339,220,343,257,324,261,160,151,150
334,276,366,251,371,330,154,144,142
366,251,425,280,371,330,151,130,118
425,280,366,251,376,244,193,156,122
343,257,366,251,334,276,165,159,159
366,251,339,220,376,244,173,159,152
366,251,343,257,339,220,182,173,170
443,302,481,342,426,337,134,114,104
425,280,443,302,426,337,146,128,120
481,342,443,302,462,260,159,136,122
443,302,425,280,462,260,168,150,141
442,222,448,239,376,244,234,180,127
448,239,425,280,376,244,235,184,132
425,280,448,239,462,260,228,181,135
94,302,81,319,51,286,52,45,42
73,266,94,302,51,286,61,57,56
81,319,94,302,126,344,53,46,41
94,302,157,289,126,344,57,45,37
184,308,190,305,212,316,125,98,80
364,431,335,408,343,401,161,166,173
364,431,362,434,335,408,179,187,194
379,413,364,431,343,401,192,196,203
364,431,379,413,384,456,178,190,198
362,434,364,431,384,456,172,187,195
288,513,326,452,343,503,66,63,49
288,513,282,447,326,452,70,64,45
213,556,222,573,206,575,75,80,81
181,570,213,556,206,575,74,84,86
213,556,181,570,206,545,74,85,86
222,573,211,584,206,575,82,93,91
134,566,129,608,115,566,63,82,80
189,640,173,610,192,622,84,73,3
173,610,189,640,144,662,96,79,2
129,608,173,610,144,662,81,74,11
206,545,168,550,193,521,33,45,40
181,570,168,550,206,545,69,82,82
168,550,175,510,193,521,19,38,28
168,550,147,545,175,510,35,48,43
134,566,168,550,181,570,68,85,86
147,545,168,550,134,566,38,58,54
731,209,746,216,734,260,235,209,187
710,170,731,209,698,194,223,179,138
710,170,749,167,731,209,229,200,180
689,187,710,170,698,194,223,181,145
763,275,749,311,744,273,228,184,136
763,275,771,296,749,311,227,194,159
771,296,763,275,782,272,233,184,132
763,275,767,224,782,272,237,206,175
763,275,744,273,734,260,234,179,121
767,224,763,275,734,260,234,198,165
621,165,623,143,634,167,212,138,36
587,190,621,165,626,198,218,149,62
621,165,636,188,626,198,217,146,53
636,188,621,165,634,167,214,143,45
593,109,600,139,567,160,209,134,29
626,137,610,90,634,94,203,127,13
626,137,593,109,610,90,204,128,16
626,137,634,94,642,145,205,132,28
623,143,626,137,642,145,209,134,25
501,212,536,240,501,252,237,208,180
662,368,687,330,675,377,150,138,137
687,330,662,368,655,363,156,149,152
674,381,662,368,675,377,139,121,113
655,363,662,368,641,369,163,163,170
662,368,674,381,641,369,159,154,156
716,356,720,367,675,377,154,143,141
687,330,716,356,675,377,159,151,153
647,293,670,287,670,300,201,199,202
670,287,705,287,670,300,163,149,142
671,268,670,287,667,278,209,209,214
670,287,671,268,705,287,176,165,161
654,275,647,293,636,262,210,197,188
654,275,671,268,667,278,211,212,216
670,287,654,275,667,278,198,198,203
654,275,670,287,647,293,204,206,212
651,247,654,275,636,262,229,181,129
671,268,654,275,651,247,227,188,147
524,59,516,65,499,52,198,121,8
521,9,524,59,499,52,201,134,58
540,56,524,59,521,9,205,145,87
524,59,540,56,528,94,199,124,17
516,65,524,59,528,94,200,123,7
596,39,588,48,586,31,238,226,218
588,48,565,20,586,31,246,239,235
565,20,588,48,540,56,239,225,216
540,56,588,48,595,89,226,198,178
588,48,610,90,595,89,215,172,136
588,48,596,39,610,90,223,195,176
609,33,596,39,603,21,232,216,207
644,22,609,33,603,21,222,197,183
609,33,644,22,634,94,205,154,106
610,90,609,33,634,94,211,163,112
596,39,609,33,610,90,223,196,179
992,556,1002,545,1004,558,21,59,49
976,577,992,556,1004,558,22,55,44
980,553,992,556,976,577,20,53,42
814,417,810,432,804,431,106,142,138
814,417,830,400,840,427,198,207,207
810,432,814,417,840,427,90,132,127
813,474,796,507,772,447,25,59,47
728,500,796,507,789,535,20,45,34
844,477,815,471,840,427,34,74,64
815,471,810,432,840,427,49,102,93
832,484,815,471,844,477,25,50,39
815,471,832,484,813,474,24,48,37
810,432,815,471,804,431,48,99,89
815,471,772,447,804,431,45,93,85
815,471,813,474,772,447,30,67,55
505,550,513,529,525,534,103,105,66
513,529,505,550,496,526,98,103,65
513,529,496,526,512,511,79,80,37
1008,889,1015,877,1003,918,138,146,158
999,843,990,871,968,868,14,64,43
1015,877,990,871,999,843,13,57,39
1008,889,990,871,1015,877,54,73,76
990,871,1003,918,968,868,89,105,110
990,871,1008,889,1003,918,135,143,149
474,770,444,786,445,729,47,75,44
445,729,444,786,397,754,180,142,9
428,805,444,786,447,801,30,68,45
444,786,428,805,397,754,138,121,22
497,781,467,792,474,770,21,42,26
444,786,467,792,447,801,14,60,45
467,792,444,786,474,770,13,40,28
468,849,459,866,420,839,56,85,51
459,866,493,875,448,906,28,42,39
459,866,468,849,493,875,24,36,29
380,701,402,729,355,733,157,129,40
380,701,404,725,402,729,167,131,25
404,725,380,701,409,680,149,116,18
389,656,406,676,372,665,149,123,37
406,676,380,701,372,665,151,126,45
380,701,406,676,409,680,143,115,27
357,783,367,763,360,784,195,146,0
357,783,317,748,350,751,171,134,16
358,747,350,751,355,733,162,138,64
367,763,358,747,397,754,164,131,23
402,729,358,747,355,733,155,125,31
358,747,402,729,397,754,181,142,15
428,805,380,805,397,754,183,136,1
367,763,380,805,360,784,190,141,0
380,805,367,763,397,754,193,144,1
330,868,360,864,339,880,155,126,37
334,844,360,864,330,868,154,117,5
362,906,360,864,386,874,135,110,46
360,864,362,906,339,880,136,112,46
459,866,422,865,420,839,69,93,48
422,865,459,866,448,906,24,65,52
402,904,422,865,448,906,37,81,68
422,865,402,904,402,878,124,115,79
422,865,409,844,420,839,149,118,13
409,844,422,865,407,846,147,118,20
421,821,428,805,447,801,44,76,41
777,769,786,818,752,770,39,79,72
786,818,732,785,752,770,36,75,68
786,818,772,849,732,785,53,76,68
751,744,777,769,752,770,60,85,80
774,697,751,744,744,727,43,75,50
889,851,897,853,888,888,128,142,163
897,853,889,851,887,836,130,147,170
889,851,862,854,887,836,103,120,138
862,854,834,861,837,819,47,82,74
820,596,819,556,839,594,91,80,1
820,596,804,547,819,556,82,74,2
804,547,769,598,789,535,45,70,41
769,598,735,580,789,535,66,76,25
769,598,776,604,756,631,70,90,54
804,547,823,547,819,556,59,60,6
823,547,828,543,819,556,61,66,22
828,543,823,547,804,547,53,66,32
809,706,859,749,815,756,111,117,87
747,700,774,697,744,727,79,90,50
701,611,738,622,712,657,175,152,104
701,611,712,657,657,615,172,150,101
701,611,699,579,725,589,132,114,51
738,622,701,611,725,589,165,138,73
658,591,701,611,657,615,174,152,109
701,611,658,591,699,579,164,147,108
667,698,747,700,744,727,175,149,76
525,927,524,946,515,951,112,126,132
524,946,529,959,515,951,109,119,126
581,917,589,880,617,915,90,91,97
591,929,581,917,617,915,124,100,102
547,953,617,988,603,1020,38,73,58
529,959,547,953,603,1020,39,80,106
547,953,617,949,617,988,66,78,67
617,949,547,953,591,929,102,82,81
547,953,581,917,591,929,94,89,92
524,946,547,953,529,959,75,85,84
547,953,524,946,525,927,110,106,110
581,917,547,953,525,927,86,108,112
975,746,969,774,933,763,30,67,55
920,724,975,746,933,763,84,113,112
925,713,975,746,920,724,51,74,69
975,746,992,709,1014,763,62,71,75
969,774,975,746,1014,763,53,72,85
952,696,981,690,992,709,41,72,62
975,746,952,696,992,709,67,88,82
952,696,975,746,925,713,35,65,55
981,690,952,696,970,666,22,43,34
952,696,951,655,970,666,30,55,44
951,655,952,696,925,667,57,89,68
860,769,909,751,886,788,73,96,104
860,769,859,749,909,751,97,121,125
858,786,860,769,886,788,81,104,107
860,769,858,786,815,756,56,86,85
859,749,860,769,815,756,36,83,81
67,198,60,209,34,162,60,48,33
67,198,95,181,94,185,210,193,179
67,198,94,185,95,229,164,147,138
60,209,67,198,95,229,107,93,78
116,129,73,120,81,83,221,153,84
73,120,33,115,81,83,220,151,81
33,115,73,120,64,136,221,153,83
8,124,9,138,8,142,93,72,48
33,115,9,138,8,124,189,132,72
8,142,9,138,34,162,68,54,39
9,138,33,115,34,162,177,126,70
88,235,78,255,58,214,55,45,34
60,209,88,235,58,214,41,35,18
88,235,60,209,95,229,53,43,24
75,63,79,45,84,61,216,144,71
75,63,81,83,16,83,218,148,77
75,63,84,61,81,83,217,146,75
79,45,75,63,76,39,215,144,69
298,67,348,25,317,75,206,131,35
348,25,298,67,308,1,203,127,29
213,36,173,19,233,7,206,131,38
103,1007,96,1005,95,994,7,31,23
96,1005,79,1011,95,994,18,29,20
96,1005,103,1007,103,1020,26,55,46
81,1023,96,1005,103,1020,17,58,49
79,1011,96,1005,81,1023,38,43,31
111,850,133,888,103,897,87,83,19
103,897,133,888,155,912,94,85,14
133,888,155,887,155,912,163,121,1
155,887,133,888,141,879,168,125,0
87,847,111,850,84,887,61,62,18
87,847,50,876,83,841,84,70,9
50,876,87,847,84,887,35,46,18
199,862,227,849,199,907,164,120,0
155,887,199,862,199,907,162,119,0
144,662,144,709,82,673,115,89,2
144,709,87,728,82,673,104,84,5
144,709,144,662,186,700,123,93,1
164,739,144,709,186,700,146,115,12
129,781,144,709,164,739,153,122,27
144,709,129,781,87,728,129,98,1
38,741,33,743,49,728,59,59,9
65,759,38,741,49,728,78,77,14
38,741,65,759,33,743,50,70,26
57,789,74,767,100,798,33,49,22
65,759,74,767,57,789,24,53,31
100,798,74,767,125,787,87,83,20
74,767,129,781,125,787,112,96,11
74,767,65,759,87,728,123,99,5
129,781,74,767,87,728,111,93,7
284,770,295,779,295,789,200,150,0
295,779,284,770,317,748,200,152,2
295,779,357,783,295,789,196,146,0
357,783,295,779,317,748,192,145,3
219,656,253,641,247,698,136,105,1
253,641,277,698,247,698,140,108,2
189,640,195,640,186,700,116,91,1
195,640,219,656,186,700,129,103,1
195,640,189,640,192,622,93,77,1
368,640,346,621,395,634,181,171,141
389,656,368,640,395,634,149,128,62
368,640,389,656,372,665,147,122,41
277,698,288,717,268,725,148,114,0
288,717,297,721,268,725,146,111,0
298,699,288,717,277,698,146,111,0
288,717,298,699,297,721,146,112,0
253,641,298,699,277,698,140,108,1
90,583,109,621,84,617,77,76,74
66,589,90,583,84,617,79,78,77
129,608,90,583,115,566,82,90,90
109,621,90,583,129,608,77,79,78
115,566,90,583,77,565,69,81,77
90,583,66,589,77,565,76,85,82
718,103,715,138,700,113,209,145,58
715,138,718,103,748,119,207,139,47
718,103,700,113,714,89,204,138,63
748,119,718,103,714,89,202,129,28
726,144,748,119,750,136,236,216,201
726,144,715,138,748,119,224,186,147
749,167,726,144,750,136,235,217,205
715,138,726,144,711,145,239,227,219
726,144,710,170,711,145,229,204,187
710,170,726,144,749,167,226,195,173
789,82,808,50,791,92,199,121,2
808,50,789,82,802,44,197,120,5
802,44,789,82,722,30,205,146,72
722,30,789,82,714,89,209,156,100
789,82,748,119,714,89,201,128,29
748,119,789,82,791,92,202,125,9
867,250,863,252,846,239,228,175,118
867,250,899,221,894,261,228,169,104
890,281,867,250,894,261,231,182,130
867,250,890,281,863,252,231,179,123
899,175,870,187,861,160,215,143,49
870,187,899,175,891,215,221,162,95
896,219,867,250,891,215,226,163,92
867,250,896,219,899,221,226,163,91
935,169,964,139,948,179,212,142,57
943,190,935,169,948,179,215,144,53
934,64,893,50,902,10,194,115,5
893,50,827,46,902,10,198,125,39
767,224,766,216,785,221,235,217,206
784,187,749,167,750,136,240,228,221
784,187,766,216,749,167,230,203,183
784,187,800,188,785,221,222,171,117
766,216,784,187,785,221,237,219,207
800,188,810,177,822,178,222,179,142
784,187,810,177,800,188,215,153,84
814,119,810,177,750,136,231,204,177
810,177,784,187,750,136,235,217,204
872,113,841,163,814,119,214,155,91
841,163,872,113,861,160,216,155,88
841,163,833,176,822,178,218,169,123
841,163,810,177,814,119,235,217,205
810,177,841,163,822,178,225,191,168
966,202,1006,219,978,219,222,155,77
1006,219,966,202,1008,218,222,153,72
1006,219,980,237,978,219,225,169,111
1008,249,1006,219,1008,218,225,159,83
980,237,1006,219,1008,249,226,162,91
1021,493,1001,399,1022,494,15,44,35
1021,493,994,435,1001,399,19,49,40
993,488,1021,493,991,510,17,40,32
1021,493,1022,494,1023,509,21,62,52
991,510,1021,493,1023,509,20,55,46
956,458,993,488,966,511,21,55,46
909,475,956,458,966,511,30,67,59
956,458,909,475,933,440,32,61,51
843,376,830,380,839,361,159,135,124
830,400,830,380,845,390,177,163,158
830,380,843,376,845,390,171,155,150
827,326,824,300,850,311,169,152,146
847,342,827,326,850,311,177,169,172
827,326,784,331,790,308,171,160,159
827,326,847,342,839,361,169,159,161
671,486,677,522,653,511,18,39,28
677,522,689,525,673,544,28,56,37
679,425,634,413,674,381,166,159,160
634,413,679,425,631,418,235,236,237
674,381,634,413,641,369,154,142,139
634,413,613,400,641,369,154,141,138
613,400,634,413,613,414,157,144,141
634,413,631,418,613,414,179,173,173
721,433,736,400,742,435,153,138,134
736,400,721,433,717,408,143,125,119
696,450,703,496,671,486,31,63,52
689,525,703,496,728,500,24,51,40
703,496,677,522,671,486,21,46,34
677,522,703,496,689,525,18,40,28
734,542,726,554,720,556,66,59,3
726,554,735,580,720,556,79,64,1
735,580,726,554,734,542,75,64,1
642,624,658,591,657,615,170,146,99
580,616,642,624,603,683,183,172,147
642,624,641,693,603,683,187,176,150
642,624,667,698,641,693,185,173,145
712,657,642,624,657,615,168,146,94
667,698,642,624,712,657,173,155,113
653,543,677,522,673,544,47,63,30
653,543,648,514,653,511,30,51,36
677,522,653,543,653,511,28,55,40
637,573,642,624,580,616,172,155,118
642,624,637,573,658,591,182,165,134
637,573,580,616,554,549,180,171,149
560,540,637,573,554,549,175,179,175
654,788,648,800,626,802,164,125,61
689,809,648,800,654,788,142,134,121
641,835,599,809,626,802,143,116,74
599,809,595,805,626,802,160,125,54
599,809,641,835,613,865,80,98,88
577,835,599,809,613,865,100,101,73
548,603,580,616,564,631,166,147,99
580,616,548,603,554,549,145,123,68
548,603,527,594,554,549,145,129,85
489,592,487,589,498,573,133,123,77
527,594,489,592,498,573,135,119,65
462,582,489,592,461,630,148,134,85
487,589,489,592,462,582,159,155,130
547,680,542,672,565,658,171,147,87
521,689,495,719,438,663,161,138,59
495,719,448,713,438,663,103,99,41
495,719,521,689,520,722,200,169,85
495,719,520,722,496,762,184,148,40
448,713,495,719,445,729,88,98,44
474,770,495,719,496,762,84,86,32
495,719,474,770,445,729,48,66,33
542,762,497,781,496,762,156,123,10
532,749,542,762,496,762,185,143,23
497,781,542,762,547,780,177,132,7
495,502,466,441,522,480,81,101,88
516,497,495,502,522,480,59,67,47
466,441,495,502,439,455,103,123,118
439,455,495,502,423,482,93,106,97
495,502,496,526,423,482,63,58,25
496,526,495,502,512,511,77,63,12
515,507,516,497,556,485,62,73,58
495,502,515,507,512,511,71,56,13
515,507,495,502,516,497,45,38,13
784,331,737,355,738,330,153,131,121
737,355,730,387,720,367,148,131,122
737,355,716,356,738,330,140,119,112
716,356,737,355,720,367,146,129,122
588,400,613,414,584,438,172,166,164
553,403,588,400,584,438,170,158,153
588,400,613,400,613,414,148,131,126
486,382,520,387,514,394,125,120,119
536,357,520,387,486,382,129,120,116
520,387,544,400,514,394,114,98,95
520,387,536,357,544,400,118,100,93
594,263,548,289,535,258,235,183,129
548,289,594,263,586,315,216,180,144
361,43,356,37,369,13,204,136,64
356,37,348,25,369,13,206,141,74
413,95,440,71,432,101,206,132,30
440,71,456,120,432,101,206,132,28
383,407,346,397,371,330,170,169,172
346,397,339,394,371,330,172,163,159
339,394,346,397,343,401,115,99,94
346,397,379,413,343,401,174,170,171
346,397,383,407,379,413,165,167,175
326,403,339,394,335,408,103,84,74
326,403,326,452,287,411,148,154,163
326,403,335,408,326,452,154,163,172
260,312,277,306,286,338,140,117,104
260,312,240,355,212,316,116,89,70
240,355,260,312,286,338,125,100,85
366,84,354,112,317,75,209,137,43
354,112,318,130,317,75,213,141,51
501,212,476,226,477,197,227,166,96
476,226,448,239,442,222,236,202,170
476,226,501,212,501,252,231,182,129
476,226,452,194,477,197,226,165,97
452,194,476,226,442,222,235,198,164
476,226,501,252,462,260,233,186,140
448,239,476,226,462,260,233,180,127
122,252,88,235,95,229,103,85,67
88,235,122,252,78,255,59,47,33
157,289,122,252,150,262,152,144,147
122,252,157,289,94,302,80,67,58
78,255,122,252,73,266,59,48,39
122,252,94,302,73,266,56,44,36
94,185,131,207,95,229,141,114,96
131,207,95,181,121,162,189,141,98
95,181,131,207,94,185,155,115,82
157,289,168,302,126,344,89,76,68
168,302,190,305,184,308,133,109,94
165,290,168,302,157,289,146,131,124
168,302,165,290,190,305,140,121,110
316,541,315,539,343,503,79,75,43
315,539,288,513,343,503,64,56,24
266,509,224,463,282,447,42,38,18
288,513,266,509,282,447,49,48,28
261,604,211,584,222,573,77,86,84
261,604,222,573,261,577,62,73,71
200,602,181,570,206,575,83,89,89
211,584,200,602,206,575,108,111,114
200,602,173,610,181,570,79,86,85
173,610,200,602,192,622,70,70,30
261,604,200,602,211,584,99,104,104
134,566,145,599,129,608,31,57,50
145,599,173,610,129,608,78,84,85
145,599,134,566,181,570,59,72,69
173,610,145,599,181,570,83,91,92
143,509,144,507,175,510,9,25,14
147,545,143,509,175,510,14,31,22
144,507,143,509,136,507,9,35,24
131,551,134,566,115,566,54,74,72
131,551,147,545,134,566,25,53,47
748,216,767,224,734,260,233,206,184
746,216,748,216,734,260,236,208,185
748,216,766,216,767,224,239,226,216
766,216,748,216,749,167,234,211,191
749,167,748,216,731,209,236,216,203
748,216,746,216,731,209,243,235,231
696,162,689,187,669,171,225,185,156
696,162,710,170,689,187,223,182,148
710,170,696,162,711,145,232,208,192
696,162,700,113,711,145,231,207,184
696,162,669,171,642,145,222,176,125
700,113,696,162,642,145,215,159,87
592,154,587,190,576,176,222,168,106
592,154,621,165,587,190,215,144,51
567,160,592,154,576,176,216,152,68
600,139,592,154,567,160,212,139,37
605,138,600,139,593,109,207,132,23
626,137,605,138,593,109,206,132,22
605,138,626,137,623,143,208,134,27
621,165,605,138,623,143,210,137,32
592,154,605,138,621,165,212,138,35
605,138,592,154,600,139,210,136,32
534,210,536,240,501,212,226,167,98
704,324,719,308,738,330,172,163,161
716,356,704,324,738,330,176,172,177
704,324,716,356,687,330,171,170,177
704,324,705,287,719,308,160,150,148
705,287,704,324,670,300,159,147,143
704,324,687,330,670,300,154,138,132
557,181,567,160,576,176,231,200,174
557,181,553,169,567,160,220,167,106
587,190,557,181,576,176,231,199,175
557,181,587,190,554,228,224,169,113
534,210,557,181,554,228,225,169,108
532,133,492,113,518,108,206,131,21
501,152,492,113,532,133,209,135,28
440,71,492,113,456,120,205,131,24
452,194,471,161,477,197,224,156,77
453,134,471,161,416,178,219,148,61
471,161,452,194,416,178,223,155,77
532,156,532,133,567,160,212,138,35
553,169,532,156,567,160,214,142,46
522,189,501,212,477,197,226,160,85
522,189,534,210,501,212,225,164,95
1002,545,987,544,995,534,13,38,30
992,556,987,544,1002,545,17,38,32
987,544,992,556,980,553,16,38,32
987,544,986,526,995,534,18,52,42
987,544,961,545,986,526,17,53,43
987,544,980,553,961,545,20,59,48
832,484,817,509,813,474,22,48,37
828,543,817,509,858,527,22,51,38
817,509,828,543,804,547,40,64,54
817,509,862,515,858,527,18,44,32
817,509,804,547,789,535,30,68,53
817,509,832,484,862,499,23,56,44
862,515,817,509,862,499,21,49,36
466,806,497,781,521,823,76,77,21
466,806,467,792,497,781,31,66,44
467,792,466,806,447,801,13,61,42
413,673,416,651,438,663,138,105,7
406,676,413,673,409,680,146,113,13
416,651,413,673,389,656,147,117,21
413,673,406,676,389,656,146,116,17
357,783,359,754,367,763,183,140,4
359,754,357,783,350,751,179,143,26
359,754,358,747,367,763,154,124,23
358,747,359,754,350,751,154,128,46
393,865,402,878,386,874,138,115,49
360,864,393,865,386,874,150,125,50
393,865,360,864,381,835,155,121,16
393,865,422,865,402,878,132,112,50
422,865,393,865,407,846,150,124,44
380,805,355,822,360,784,182,133,0
355,822,360,864,334,844,161,119,1
360,864,355,822,381,835,161,119,1
355,822,357,783,360,784,184,136,0
355,822,334,844,304,833,169,124,0
295,789,355,822,304,833,181,132,0
357,783,355,822,295,789,187,138,0
407,838,391,815,411,831,164,121,0
391,815,416,825,411,831,166,123,0
391,815,421,821,416,825,167,124,0
391,815,380,805,428,805,173,128,3
421,821,391,815,428,805,152,121,10
418,835,421,821,420,839,160,120,1
421,821,418,835,416,825,163,122,0
416,825,418,835,411,831,162,120,0
418,835,407,838,411,831,160,117,0
418,835,409,844,407,838,157,115,0
409,844,418,835,420,839,157,116,0
864,957,861,902,882,921,126,142,175
827,922,861,902,864,957,84,115,138
861,902,834,861,862,854,127,137,147
694,792,677,773,702,786,109,100,85
703,795,694,792,702,786,174,162,148
801,834,786,818,837,819,21,78,51
834,861,801,834,837,819,27,77,55
786,818,805,780,837,819,87,93,88
858,786,805,780,815,756,64,87,86
805,780,858,786,837,819,92,98,103
805,780,786,818,777,769,49,73,69
801,893,772,849,783,848,36,86,64
703,795,712,841,689,809,67,107,100
755,959,722,1017,693,966,62,112,99
755,959,780,986,722,1017,37,89,72
830,988,860,979,827,1019,18,47,35
947,997,860,979,905,968,82,98,106
860,979,947,997,827,1019,41,64,61
860,979,864,957,905,968,41,74,67
860,979,830,988,864,957,19,47,36
803,956,827,922,864,957,31,73,75
830,988,803,956,864,957,24,57,45
738,622,741,618,756,631,171,140,68
741,618,769,598,756,631,139,126,72
769,598,741,618,735,580,122,106,29
741,618,738,622,725,589,149,117,18
735,580,741,618,725,589,119,97,13
792,751,751,744,774,697,27,55,46
809,706,792,751,774,697,51,65,46
751,744,792,751,777,769,23,46,43
792,751,809,706,815,756,57,79,67
805,780,792,751,815,756,39,93,88
792,751,805,780,777,769,32,83,77
747,700,753,637,774,697,73,89,55
811,663,809,706,774,697,51,74,55
785,640,811,663,774,697,48,68,51
838,639,820,596,839,594,139,124,63
857,582,838,639,839,594,126,113,44
838,639,857,582,916,595,113,105,39
843,651,838,639,916,595,163,161,138
838,639,808,631,820,596,181,164,130
808,631,811,663,785,640,121,124,95
723,663,667,698,712,657,177,159,114
667,698,723,663,747,700,164,143,80
723,663,753,637,747,700,157,135,62
738,622,723,663,712,657,171,147,86
753,637,723,663,738,622,163,134,49
720,749,667,698,744,727,169,154,124
677,773,720,749,702,786,81,82,92
751,744,720,749,744,727,95,127,124
732,785,720,749,752,770,68,95,90
720,749,751,744,752,770,75,109,103
649,747,677,773,649,760,103,98,126
649,747,598,739,624,711,203,154,6
598,739,649,747,649,760,174,144,55
641,693,654,727,624,711,194,168,107
667,698,654,727,641,693,186,168,129
654,727,649,747,624,711,204,156,12
720,749,654,727,667,698,183,163,112
654,727,720,749,677,773,168,164,161
649,747,654,727,677,773,166,154,128
589,880,575,894,559,883,24,63,57
581,917,575,894,589,880,31,52,50
575,894,525,927,559,883,22,53,48
575,894,581,917,525,927,58,81,82
952,696,938,699,925,667,75,95,71
938,699,952,696,925,713,48,102,80
897,694,925,713,920,724,23,56,45
897,694,938,699,925,713,50,77,62
64,136,71,152,34,162,217,155,86
71,152,67,198,34,162,194,147,96
67,198,71,152,95,181,210,168,124
95,181,71,152,121,162,222,161,98
71,152,116,129,121,162,221,160,94
73,120,71,152,64,136,219,156,87
71,152,73,120,116,129,220,156,88
75,63,15,57,76,39,217,145,72
15,57,56,11,76,39,215,143,67
8,71,15,57,16,83,218,148,78
15,57,75,63,16,83,218,147,77
15,57,8,71,0,0,217,145,73
56,11,15,57,0,0,215,142,66
238,74,269,97,240,96,215,143,59
298,67,269,97,238,74,212,139,49
269,97,298,67,273,97,212,140,49
302,80,298,67,317,75,208,136,41
298,67,302,80,273,97,211,138,46
318,130,302,80,317,75,212,140,49
298,67,271,9,308,1,204,128,30
205,71,213,36,238,74,211,138,50
205,71,238,74,240,96,215,142,58
213,36,205,71,173,19,209,135,46
133,888,137,866,141,879,158,121,5
137,866,133,888,111,850,101,89,16
137,866,155,887,141,879,170,126,1
95,825,104,821,111,850,56,67,26
87,847,95,825,111,850,35,54,26
95,825,87,847,83,841,28,51,27
104,821,95,825,100,798,42,59,26
57,789,95,825,83,841,25,43,19
95,825,57,789,100,798,20,45,24
227,849,209,846,223,820,180,132,4
199,862,209,846,227,849,174,126,0
129,781,145,798,125,787,149,115,1
145,798,129,781,176,779,150,114,1
180,790,145,798,176,779,146,111,1
161,812,145,798,180,790,167,137,44
104,821,128,805,111,850,134,113,14
128,805,145,798,161,812,173,136,10
145,798,128,805,125,787,156,122,11
128,805,100,798,125,787,157,128,25
128,805,104,821,100,798,145,121,22
173,820,180,790,223,820,195,177,126
173,820,161,812,180,790,183,158,85
209,846,173,820,223,820,184,146,37
380,701,338,684,372,665,159,137,67
338,684,380,701,355,733,159,133,55
329,742,338,684,355,733,157,130,43
297,721,338,684,329,742,164,131,34
298,699,338,684,297,721,168,134,36
304,611,253,641,259,626,117,102,39
304,611,298,699,253,641,139,110,19
261,604,304,611,259,626,110,102,55
346,621,304,611,304,559,134,125,93
304,559,304,611,261,577,95,96,93
304,611,261,604,261,577,89,90,77
833,176,844,217,822,178,217,150,70
844,217,870,187,891,215,223,164,103
844,217,800,188,822,178,219,156,89
844,217,867,250,846,239,228,178,131
867,250,844,217,891,215,224,164,97
800,188,844,217,785,221,233,199,162
799,253,844,217,846,239,232,203,179
844,217,799,253,785,221,243,235,228
921,180,935,169,943,190,215,145,56
921,180,943,190,899,221,224,175,128
896,219,921,180,899,221,223,173,123
899,175,921,180,891,215,220,158,86
921,180,896,219,891,215,223,175,127
937,72,889,98,934,64,205,142,67
872,113,889,98,883,118,216,174,145
841,163,859,175,833,176,217,166,116
859,175,841,163,861,160,221,176,136
935,169,942,132,964,139,216,161,105
922,138,921,180,899,175,213,138,38
921,180,922,138,935,169,212,137,36
922,138,942,132,935,169,210,140,51
942,132,922,138,931,127,206,133,36
946,435,956,458,933,440,34,67,58
994,435,946,435,941,399,41,93,85
946,435,915,413,941,399,56,113,107
915,413,946,435,933,440,42,101,94
1021,493,993,447,994,435,18,47,36
993,447,1021,493,993,488,13,38,29
830,380,809,364,839,361,169,155,151
809,364,827,326,839,361,163,146,143
827,326,809,364,784,331,165,150,148
815,302,827,326,790,308,171,164,167
827,326,815,302,824,300,174,168,173
815,302,790,308,782,272,182,160,146
799,253,815,302,782,272,199,155,114
815,302,799,253,824,300,176,146,121
694,434,696,450,679,425,215,222,229
694,434,721,433,696,450,207,215,225
694,434,679,425,717,408,174,170,173
721,433,694,434,717,408,168,165,170
731,470,703,496,696,450,31,65,55
721,433,731,470,696,450,98,135,132
731,470,721,433,742,435,110,143,141
772,447,731,470,742,435,60,105,97
639,558,560,540,631,524,91,97,64
639,558,637,573,560,540,154,159,145
637,573,639,558,658,591,183,183,169
658,591,639,558,673,544,100,93,35
639,558,653,543,673,544,73,69,3
651,815,648,800,689,809,108,119,129
651,815,661,860,641,835,119,133,143
661,860,651,815,689,809,91,118,125
651,815,641,835,626,802,139,112,78
648,800,651,815,626,802,147,116,70
594,807,599,809,577,835,153,119,56
599,809,594,807,595,805,158,123,50
594,807,577,835,547,780,163,127,51
595,805,594,807,547,780,169,132,45
559,689,547,680,565,658,181,165,129
559,689,532,749,520,722,208,165,51
521,689,559,689,520,722,179,151,83
537,628,521,689,461,630,148,121,39
537,628,542,672,521,689,162,137,66
537,628,548,603,564,631,148,123,50
537,628,564,631,565,658,171,154,108
542,672,537,628,565,658,172,153,105
542,672,545,680,521,689,164,136,54
545,680,542,672,547,680,160,130,39
545,680,559,689,521,689,168,142,78
559,689,545,680,547,680,168,145,87
547,765,589,764,547,780,185,143,31
542,762,547,765,547,780,183,136,5
589,764,547,765,598,739,175,131,15
547,765,542,762,532,749,188,140,4
526,533,515,507,556,485,84,90,58
560,540,526,533,556,485,90,95,67
515,507,526,533,512,511,86,79,26
526,533,533,546,525,534,117,122,88
526,533,560,540,533,546,150,157,145
526,533,513,529,512,511,84,85,41
513,529,526,533,525,534,94,96,54
588,400,612,361,613,400,156,143,140
613,400,612,361,641,369,158,149,150
612,361,624,314,641,369,183,184,191
624,314,612,361,584,334,182,178,181
543,315,548,289,586,315,176,167,167
348,25,355,41,317,75,204,130,33
356,37,355,41,348,25,201,128,35
355,41,356,37,361,43,202,128,34
355,41,366,84,317,75,206,132,36
366,84,355,41,361,43,204,130,34
427,44,439,64,413,95,206,138,57
439,64,440,71,413,95,205,130,29
439,64,427,44,444,36,220,178,147
439,64,444,36,463,49,225,191,166
440,71,439,64,463,49,208,146,79
264,404,287,390,287,411,166,173,183
199,378,264,404,189,410,70,56,45
199,378,240,355,264,404,86,65,52
169,396,199,378,189,410,66,60,56
199,378,169,396,152,384,56,52,49
382,99,366,84,404,95,208,136,41
382,99,354,112,366,84,209,138,43
369,154,404,95,416,178,218,148,62
369,154,382,99,404,95,213,141,50
129,226,152,220,150,262,187,176,170
122,252,129,226,150,262,161,147,141
129,226,131,207,152,220,178,160,150
129,226,122,252,95,229,161,144,135
131,207,129,226,95,229,149,124,109
152,220,169,257,150,262,141,112,93
169,257,157,289,150,262,144,131,131
169,257,165,290,157,289,136,120,115
224,463,245,510,209,485,81,80,77
266,509,245,510,224,463,74,72,67
245,510,193,521,209,485,58,71,67
249,636,253,641,219,656,122,92,1
200,602,249,636,192,622,88,74,4
253,641,249,636,259,626,103,82,1
249,636,195,640,192,622,104,82,1
195,640,249,636,219,656,121,91,0
249,636,261,604,259,626,86,72,1
249,636,200,602,261,604,82,72,10
143,509,128,531,136,507,13,45,33
128,531,143,509,147,545,20,47,37
131,551,128,531,147,545,19,38,32
128,531,91,474,136,507,13,30,21
91,474,128,531,54,533,15,41,31
54,533,128,531,77,565,24,48,41
128,531,115,566,77,565,44,57,54
128,531,131,551,115,566,32,45,41
545,233,534,210,554,228,227,167,96
534,210,545,233,536,240,228,169,100
545,233,554,228,535,258,231,173,111
536,240,545,233,535,258,231,177,122
492,113,501,99,518,108,204,129,16
518,108,501,99,528,94,203,128,14
501,99,516,65,528,94,202,126,10
516,65,501,99,499,52,200,124,9
499,52,501,99,463,49,203,135,44
501,99,440,71,463,49,203,133,36
501,99,492,113,440,71,203,128,18
462,131,471,161,453,134,214,142,48
456,120,462,131,453,134,212,138,41
492,113,462,131,456,120,209,135,31
530,154,501,152,532,133,211,138,34
532,156,530,154,532,133,211,137,32
530,154,522,189,501,152,216,145,49
522,189,530,154,532,156,217,146,52
533,187,532,156,553,169,217,148,62
533,187,522,189,532,156,219,150,66
557,181,533,187,553,169,222,168,113
533,187,557,181,534,210,227,179,135
522,189,533,187,534,210,224,168,107
802,506,796,507,813,474,20,42,30
817,509,802,506,813,474,22,46,34
796,507,802,506,789,535,16,35,25
802,506,817,509,789,535,18,41,30
482,841,466,806,521,823,27,51,30
468,849,482,841,493,875,40,51,36
482,841,522,877,493,875,41,59,43
522,877,482,841,521,823,52,65,41
393,865,403,846,407,846,155,122,19
403,846,393,865,381,835,155,118,9
383,830,391,815,407,838,164,121,0
403,846,383,830,407,838,159,116,0
383,830,403,846,381,835,159,117,0
391,815,383,830,380,805,172,126,0
383,830,355,822,380,805,172,126,0
355,822,383,830,381,835,166,122,0
882,921,866,902,888,888,95,115,130
861,902,866,902,882,921,118,142,153
718,786,703,795,702,786,168,159,146
720,749,718,786,702,786,111,103,88
718,786,720,749,732,785,74,93,84
712,841,718,786,732,785,57,96,87
718,786,712,841,703,795,93,117,111
693,798,703,795,689,809,61,80,83
693,798,694,792,703,795,111,115,118
693,798,689,809,654,788,122,128,131
693,798,654,788,677,773,136,123,103
694,792,693,798,677,773,106,107,105
786,830,801,834,783,848,55,73,57
801,834,786,830,786,818,17,77,50
772,849,786,830,783,848,95,79,73
786,818,786,830,772,849,90,93,83
861,902,812,882,834,861,68,91,119
812,882,801,893,783,848,52,76,63
801,834,812,882,783,848,69,80,68
812,882,801,834,834,861,24,69,53
642,880,621,913,613,865,70,81,86
621,913,589,880,613,865,32,52,52
589,880,621,913,617,915,85,104,111
641,835,653,858,613,865,84,117,119
653,858,642,880,613,865,49,86,83
661,860,653,858,641,835,149,161,174
642,880,653,858,661,860,114,133,136
772,849,719,847,732,785,53,84,76
719,847,712,841,732,785,42,91,82
719,847,772,849,744,875,95,94,85
713,873,719,847,744,875,80,107,96
730,936,755,959,693,966,84,133,120
755,959,730,936,746,925,30,86,86
744,882,713,873,744,875,43,91,69
772,849,744,882,744,875,31,94,66
801,893,744,882,772,849,31,75,58
701,855,713,873,661,860,48,101,95
701,855,661,860,689,809,91,116,123
712,841,701,855,689,809,86,123,118
719,847,701,855,712,841,34,90,70
701,855,719,847,713,873,61,102,92
709,906,642,880,661,860,41,84,77
713,873,709,906,661,860,38,94,87
744,882,709,906,713,873,28,85,69
807,986,803,956,830,988,51,87,78
807,986,793,1018,789,1016,16,62,42
780,986,807,986,789,1016,23,80,64
793,1018,807,986,827,1019,25,71,50
807,986,830,988,827,1019,23,59,48
755,959,779,969,780,986,41,86,73
779,969,807,986,780,986,22,66,55
807,986,779,969,803,956,29,71,53
791,935,755,959,746,925,32,88,118
803,956,791,935,827,922,31,68,102
755,633,738,622,756,631,170,140,69
755,633,753,637,738,622,169,141,72
771,636,785,640,774,697,26,54,41
753,637,771,636,774,697,57,83,58
755,633,771,636,753,637,116,113,58
771,636,755,633,756,631,111,108,54
811,663,822,683,809,706,116,122,95
783,619,808,631,785,640,96,102,77
771,636,783,619,785,640,61,80,70
776,604,783,619,756,631,44,69,47
783,619,771,636,756,631,40,65,45
907,670,897,694,864,683,42,69,53
907,670,864,683,843,651,118,119,82
938,699,907,670,925,667,47,72,56
897,694,907,670,938,699,54,79,63
925,667,907,670,916,595,66,87,77
907,670,843,651,916,595,98,115,102
909,751,860,707,920,724,77,99,88
860,707,897,694,920,724,30,59,43
859,749,860,707,909,751,95,113,103
897,694,860,707,864,683,115,121,86
809,706,860,707,859,749,179,150,84
301,144,282,110,318,130,220,150,72
282,110,302,80,318,130,216,143,57
302,80,282,110,273,97,214,142,54
308,1,273,5,233,7,202,126,27
271,9,273,5,308,1,201,125,26
205,71,168,85,173,19,213,139,54
168,85,102,51,173,19,213,140,57
168,85,192,96,175,98,218,148,71
192,96,168,85,205,71,217,145,65
102,51,168,85,140,110,217,146,71
168,85,175,98,140,110,219,149,76
136,154,131,207,121,162,204,151,102
131,207,136,154,152,220,157,121,94
116,129,136,154,121,162,223,161,97
136,154,116,129,140,110,222,157,90
212,116,205,71,240,96,217,146,66
212,116,192,96,205,71,218,147,69
158,845,137,866,111,850,164,124,5
128,805,158,845,111,850,141,114,11
158,845,128,805,161,812,191,144,2
173,820,158,845,161,812,188,142,5
158,845,199,862,155,887,174,127,0
137,866,158,845,155,887,176,129,0
200,849,209,846,199,862,176,128,0
200,849,173,820,209,846,182,134,1
158,845,200,849,199,862,179,130,0
200,849,158,845,173,820,184,136,0
343,642,338,684,298,699,172,145,69
304,611,343,642,298,699,159,135,60
343,642,304,611,346,621,151,131,68
368,640,343,642,346,621,218,213,201
343,642,368,640,372,665,172,154,100
338,684,343,642,372,665,159,135,58
938,99,889,98,937,72,208,149,92
938,99,937,72,966,83,211,159,116
938,99,942,132,931,127,204,133,45
938,99,966,83,964,139,220,183,157
942,132,938,99,964,139,218,174,133
893,50,886,58,827,46,203,137,69
886,58,872,113,827,46,203,137,63
886,58,889,98,872,113,209,155,105
886,58,893,50,934,64,198,124,31
889,98,886,58,934,64,203,135,51
854,188,844,217,833,176,218,148,59
859,175,854,188,833,176,214,143,52
844,217,854,188,870,187,220,149,61
946,435,963,446,956,458,28,72,60
956,458,981,444,993,488,21,52,42
981,444,993,447,993,488,19,56,46
963,446,981,444,956,458,18,47,38
993,447,981,444,994,435,11,26,20
981,444,946,435,994,435,21,57,48
981,444,963,446,946,435,22,60,50
730,387,767,394,762,400,144,110,87
737,355,767,394,730,387,141,112,93
767,394,804,431,762,400,164,148,136
767,394,814,417,804,431,193,192,189
793,379,830,380,830,400,160,137,124
793,379,809,364,830,380,162,141,130
814,417,793,379,830,400,167,142,126
767,394,793,379,814,417,178,152,135
809,364,793,379,784,331,170,156,152
793,379,737,355,784,331,152,123,107
793,379,767,394,737,355,152,123,105
703,496,734,478,728,500,23,44,34
731,470,734,478,703,496,24,48,37
734,478,796,507,728,500,20,44,33
796,507,734,478,772,447,25,57,46
734,478,731,470,772,447,34,78,67
640,528,645,546,631,524,69,82,64
645,546,639,558,631,524,63,60,14
639,558,645,546,653,543,75,69,3
603,683,585,695,565,658,183,166,130
585,695,559,689,565,658,181,162,117
548,603,531,620,527,594,141,118,51
537,628,531,620,548,603,136,108,26
531,620,489,592,527,594,140,118,49
489,592,531,620,461,630,143,120,49
531,620,537,628,461,630,139,111,25
584,334,572,338,586,315,171,167,170
572,338,543,315,586,315,168,160,160
567,371,612,361,588,400,174,173,180
572,338,567,371,559,364,192,192,197
612,361,567,371,584,334,183,180,184
567,371,572,338,584,334,187,185,188
542,332,536,357,481,342,144,122,111
543,315,542,332,481,342,137,107,86
572,338,542,332,543,315,170,159,156
542,332,559,364,536,357,171,164,164
542,332,572,338,559,364,180,176,180
543,315,521,263,548,289,200,167,137
548,289,521,263,535,258,233,184,132
521,263,543,315,481,342,164,148,139
521,263,536,240,535,258,234,193,154
536,240,521,263,501,252,238,215,195
501,252,521,263,462,260,234,190,147
521,263,481,342,462,260,205,172,141
279,356,240,355,286,338,117,93,79
339,394,297,382,286,338,144,132,126
240,355,191,344,212,316,102,101,91
199,378,191,344,240,355,106,92,84
191,344,184,308,212,316,119,115,108
191,344,199,378,152,384,58,54,45
191,344,152,384,126,344,44,37,25
168,302,191,344,126,344,83,75,70
191,344,168,302,184,308,133,133,134
354,112,358,128,318,130,217,145,58
358,128,369,154,318,130,220,149,67
382,99,358,128,354,112,212,141,50
369,154,358,128,382,99,216,144,57
202,206,169,257,152,220,129,95,70
169,257,202,206,233,226,145,126,114
202,206,232,197,233,226,152,140,136
165,290,204,292,190,305,134,112,100
169,257,204,292,165,290,135,111,97
204,292,169,257,233,226,157,138,127
260,261,204,292,233,226,147,129,121
190,305,204,292,212,316,128,105,93
204,292,260,312,212,316,137,116,105
204,292,260,261,260,312,132,112,103
260,312,268,268,277,306,121,96,82
260,261,268,268,260,312,118,91,76
277,306,268,268,324,261,145,120,106
295,234,339,220,324,261,154,144,141
268,268,295,234,324,261,166,149,140
295,234,268,268,260,261,146,116,93
315,539,298,535,288,513,70,61,19
298,535,294,534,288,513,67,59,29
298,535,315,539,316,541,90,77,25
297,556,304,559,261,577,62,60,33
298,535,297,556,294,534,76,61,1
297,556,316,541,304,559,114,95,52
297,556,298,535,316,541,91,76,19
216,538,206,545,193,521,11,21,12
245,510,216,538,193,521,24,39,30
216,538,213,556,206,545,57,67,65
261,512,245,510,266,509,81,85,84
261,512,266,509,288,513,75,86,83
294,534,261,512,288,513,76,79,68
462,131,482,158,471,161,215,143,51
471,161,482,158,477,197,221,151,66
482,158,492,113,501,152,212,138,37
482,158,462,131,492,113,211,138,36
482,158,522,189,477,197,222,153,70
522,189,482,158,501,152,218,146,55
463,813,482,841,468,849,13,47,35
482,841,463,813,466,806,14,43,32
466,806,463,813,447,801,9,39,27
463,813,421,821,447,801,35,59,31
463,813,468,849,420,839,42,70,41
421,821,463,813,420,839,63,82,37
881,887,861,902,862,854,114,133,152
881,887,866,902,861,902,54,92,97
866,902,881,887,888,888,56,73,89
881,887,889,851,888,888,110,121,138
889,851,881,887,862,854,131,143,159
640,925,709,906,693,966,68,95,78
617,949,640,925,693,966,63,82,61
640,925,617,949,618,944,88,95,78
617,915,640,925,618,944,100,105,99
621,913,640,925,617,915,123,105,109
722,922,730,936,693,966,42,102,77
709,906,722,922,693,966,46,111,87
749,920,791,935,746,925,29,82,120
749,920,744,882,801,893,23,62,78
779,969,787,952,803,956,20,65,48
787,952,791,935,803,956,21,65,53
787,952,779,969,755,959,22,63,54
791,935,787,952,755,959,25,78,75
812,882,816,907,801,893,85,111,167
816,907,861,902,827,922,80,111,152
816,907,812,882,861,902,83,110,151
864,683,832,671,843,651,179,156,110
808,631,787,608,820,596,132,126,82
783,619,787,608,808,631,73,92,67
787,608,783,619,776,604,44,62,45
820,596,787,608,804,547,78,76,11
787,608,769,598,804,547,48,62,25
769,598,787,608,776,604,35,58,44
860,707,822,693,864,683,178,151,89
822,693,832,671,864,683,178,156,111
832,671,822,693,822,683,169,145,95
822,683,822,693,809,706,124,117,71
822,693,860,707,809,706,156,133,65
269,97,270,101,240,96,217,144,63
270,101,269,97,273,97,217,143,60
282,110,270,101,273,97,217,144,62
273,5,262,9,233,7,203,126,28
262,9,273,5,271,9,202,126,28
262,9,213,36,233,7,205,129,33
213,36,262,9,238,74,207,133,40
262,9,298,67,238,74,208,133,39
262,9,271,9,298,67,205,129,32
192,96,193,117,175,98,219,150,76
212,116,193,117,192,96,220,151,77
193,117,212,116,210,158,223,156,88
136,154,193,117,210,158,222,160,98
175,98,193,117,140,110,221,151,80
193,117,136,154,140,110,223,157,89
913,122,938,99,931,127,204,132,49
938,99,913,122,889,98,213,160,115
922,138,913,122,931,127,205,129,22
854,188,861,178,870,187,216,145,52
861,178,854,188,859,175,215,144,49
870,187,861,178,861,160,214,143,52
861,178,859,175,861,160,211,143,58
648,541,645,546,640,528,56,67,28
645,546,648,541,653,543,61,57,4
648,541,640,528,648,514,45,70,60
653,543,648,541,648,514,45,60,40
585,695,589,714,559,689,213,172,75
559,689,589,714,532,749,209,164,36
598,739,589,714,624,711,208,159,10
547,765,589,714,598,739,199,150,2
589,714,547,765,532,749,197,148,3
589,714,603,683,624,711,200,164,76
589,714,585,695,603,683,201,166,84
563,378,588,400,553,403,153,135,127
563,378,567,371,588,400,169,165,169
563,378,553,403,544,400,111,95,96
567,371,563,378,559,364,180,184,195
536,357,563,378,544,400,129,113,106
559,364,563,378,536,357,146,137,136
326,403,313,396,339,394,104,78,64
313,396,297,382,339,394,123,105,96
313,396,326,403,287,411,150,153,161
287,390,313,396,287,411,158,168,182
297,382,313,396,287,390,160,163,171
287,375,279,356,286,338,109,80,62
297,382,287,375,286,338,125,101,87
287,375,297,382,287,390,136,131,132
287,375,287,390,264,404,164,168,177
240,355,287,375,264,404,137,124,117
279,356,287,375,240,355,118,94,80
300,158,301,144,318,130,223,156,82
207,178,136,154,210,158,212,187,168
202,206,207,178,232,197,139,124,119
136,154,207,178,152,220,167,138,116
207,178,202,206,152,220,135,111,95
295,234,316,210,339,220,228,178,130
316,210,295,234,304,179,234,176,120
243,226,260,261,233,226,135,110,94
243,226,295,234,260,261,146,116,94
295,234,243,226,304,179,208,157,109
243,226,232,197,276,162,182,142,106
304,179,243,226,276,162,216,160,106
213,556,243,551,222,573,65,77,77
216,538,243,551,213,556,55,65,62
222,573,243,551,261,577,40,57,53
709,906,639,912,642,880,73,100,97
640,925,639,912,709,906,85,112,102
639,912,621,913,642,880,122,99,103
639,912,640,925,621,913,122,73,73
730,936,740,920,746,925,18,73,56
722,922,740,920,730,936,20,89,60
740,920,709,906,744,882,22,92,65
740,920,722,922,709,906,25,106,76
804,914,749,920,801,893,30,62,106
749,920,804,914,791,935,29,72,105
816,907,804,914,801,893,37,72,154
791,935,804,914,827,922,34,73,116
804,914,816,907,827,922,32,80,99
820,662,822,683,811,663,171,160,129
820,662,832,671,822,683,181,163,129
832,671,820,662,843,651,187,170,142
820,662,838,639,843,651,195,184,166
808,631,820,662,811,663,163,150,117
820,662,808,631,838,639,185,166,132
212,116,252,145,210,158,224,159,90
252,145,239,164,210,158,225,164,100
252,145,212,116,240,96,221,152,78
270,101,252,145,240,96,220,149,72
252,145,270,101,282,110,220,150,73
889,98,905,123,883,118,220,181,154
913,122,905,123,889,98,214,162,115
905,123,913,122,922,138,205,129,23
905,123,922,138,899,175,209,134,32
883,118,905,123,861,160,210,141,57
905,123,899,175,861,160,211,137,37
279,162,304,179,276,162,227,165,101
279,162,300,158,304,179,226,165,98
300,158,279,162,301,144,225,162,91
300,158,308,171,304,179,226,165,97
369,154,308,171,318,130,223,156,81
308,171,300,158,318,130,224,159,87
207,178,233,182,232,197,138,126,123
232,197,233,182,276,162,184,138,96
233,182,239,164,276,162,214,157,99
239,164,233,182,210,158,173,138,107
233,182,207,178,210,158,169,158,153
232,197,239,223,233,226,175,170,171
239,223,243,226,233,226,179,175,176
243,226,239,223,232,197,169,162,161
247,533,216,538,245,510,49,64,56
247,533,243,551,216,538,30,44,32
261,512,247,533,245,510,63,79,75
741,920,749,920,746,925,26,71,102
740,920,741,920,746,925,23,75,74
749,920,741,920,744,882,15,72,46
741,920,740,920,744,882,18,79,48
260,149,282,110,301,144,223,154,80
260,149,252,145,282,110,223,155,82
260,149,279,162,276,162,225,163,95
279,162,260,149,301,144,225,161,91
239,164,260,149,276,162,226,164,99
252,145,260,149,239,164,225,163,96
338,192,316,210,304,179,231,171,110
308,171,338,192,304,179,228,167,103
316,210,338,192,339,220,233,175,118
338,192,308,171,369,154,226,163,93
338,192,369,154,416,178,226,161,88
376,244,338,192,416,178,226,168,107
339,220,338,192,376,244,214,167,122
247,533,249,538,243,551,44,59,43
297,556,249,538,294,534,51,52,11
249,538,261,512,294,534,38,58,42
249,538,247,533,261,512,47,68,60
249,538,297,556,261,577,28,44,25
243,551,249,538,261,577,17,41,32
413,673,448,713,409,680,152,122,34
448,713,413,673,438,663,151,122,31
403,846,409,844,407,846,154,116,0
409,844,403,846,407,838,156,115,0
